204 304 101
0 0
612 0
2 2
614 2
4 4
616 4
6 6
618 6
8 8
620 8
10 10
622 10
12 12
624 12
14 14
626 14
16 16
628 16
18 18
630 18
20 20
632 20
22 22
634 22
24 24
636 24
26 26
638 26
28 28
640 28
30 30
642 30
32 32
644 32
34 34
646 34
36 36
648 36
38 38
650 38
40 40
652 40
42 42
654 42
44 44
656 44
46 46
658 46
48 48
660 48
50 50
662 50
52 52
664 52
54 54
666 54
56 56
668 56
58 58
670 58
60 60
672 60
62 62
674 62
64 64
676 64
66 66
678 66
68 68
680 68
70 70
682 70
72 72
684 72
74 74
686 74
76 76
688 76
78 78
690 78
80 80
692 80
82 82
694 82
84 84
696 84
86 86
698 86
88 88
700 88
90 90
702 90
92 92
704 92
94 94
706 94
96 96
708 96
98 98
710 98
100 100
712 100
102 102
714 102
104 104
716 104
106 106
718 106
108 108
720 108
110 110
722 110
112 112
724 112
114 114
726 114
116 116
728 116
118 118
730 118
120 120
732 120
122 122
734 122
124 124
736 124
126 126
738 126
128 128
740 128
130 130
742 130
132 132
744 132
134 134
746 134
136 136
748 136
138 138
750 138
140 140
752 140
142 142
754 142
144 144
756 144
146 146
758 146
148 148
760 148
150 150
762 150
152 152
764 152
154 154
766 154
156 156
768 156
158 158
770 158
160 160
772 160
162 162
774 162
164 164
776 164
166 166
778 166
168 168
780 168
170 170
782 170
172 172
784 172
174 174
786 174
176 176
788 176
178 178
790 178
180 180
792 180
182 182
794 182
184 184
796 184
186 186
798 186
188 188
800 188
190 190
802 190
192 192
804 192
194 194
806 194
196 196
808 196
198 198
810 198
200 200
812 200
202 202
814 202
1 2
1 3
2 4
3 4
3 5
4 6
5 6
5 7
6 8
7 8
7 9
8 10
9 10
9 11
10 12
11 12
11 13
12 14
13 14
13 15
14 16
15 16
15 17
16 18
17 18
17 19
18 20
19 20
19 21
20 22
21 22
21 23
22 24
23 24
23 25
24 26
25 26
25 27
26 28
27 28
27 29
28 30
29 30
29 31
30 32
31 32
31 33
32 34
33 34
33 35
34 36
35 36
35 37
36 38
37 38
37 39
38 40
39 40
39 41
40 42
41 42
41 43
42 44
43 44
43 45
44 46
45 46
45 47
46 48
47 48
47 49
48 50
49 50
49 51
50 52
51 52
51 53
52 54
53 54
53 55
54 56
55 56
55 57
56 58
57 58
57 59
58 60
59 60
59 61
60 62
61 62
61 63
62 64
63 64
63 65
64 66
65 66
65 67
66 68
67 68
67 69
68 70
69 70
69 71
70 72
71 72
71 73
72 74
73 74
73 75
74 76
75 76
75 77
76 78
77 78
77 79
78 80
79 80
79 81
80 82
81 82
81 83
82 84
83 84
83 85
84 86
85 86
85 87
86 88
87 88
87 89
88 90
89 90
89 91
90 92
91 92
91 93
92 94
93 94
93 95
94 96
95 96
95 97
96 98
97 98
97 99
98 100
99 100
99 101
100 102
101 102
101 103
102 104
103 104
103 105
104 106
105 106
105 107
106 108
107 108
107 109
108 110
109 110
109 111
110 112
111 112
111 113
112 114
113 114
113 115
114 116
115 116
115 117
116 118
117 118
117 119
118 120
119 120
119 121
120 122
121 122
121 123
122 124
123 124
123 125
124 126
125 126
125 127
126 128
127 128
127 129
128 130
129 130
129 131
130 132
131 132
131 133
132 134
133 134
133 135
134 136
135 136
135 137
136 138
137 138
137 139
138 140
139 140
139 141
140 142
141 142
141 143
142 144
143 144
143 145
144 146
145 146
145 147
146 148
147 148
147 149
148 150
149 150
149 151
150 152
151 152
151 153
152 154
153 154
153 155
154 156
155 156
155 157
156 158
157 158
157 159
158 160
159 160
159 161
160 162
161 162
161 163
162 164
163 164
163 165
164 166
165 166
165 167
166 168
167 168
167 169
168 170
169 170
169 171
170 172
171 172
171 173
172 174
173 174
173 175
174 176
175 176
175 177
176 178
177 178
177 179
178 180
179 180
179 181
180 182
181 182
181 183
182 184
183 184
183 185
184 186
185 186
185 187
186 188
187 188
187 189
188 190
189 190
189 191
190 192
191 192
191 193
192 194
193 194
193 195
194 196
195 196
195 197
196 198
197 198
197 199
198 200
199 200
199 201
200 202
201 202
201 203
202 204
203 204
271.4854196420501 1.0344868338893518
140.04341431075113 3.2530937165904694
391.9326082500457 5.288317534189908
42.366661123889024 7.863998173404559
210.24035675056967 8.17636957464185
202.45312349557324 11.64236573416136
59.53587456306032 13.287681724431053
476.3241643797399 15.453028703780227
148.9849180913224 16.29363576313269
470.3637939622138 19.694728112606487
272.3868800673486 20.901198204810957
510.62286494859444 22.770805573006818
307.86960078876575 24.569214838477453
532.3776037106662 26.837023981132262
45.37675953100082 29.04973378719946
349.83663017432207 30.784311820305565
600.8835526317727 33.216141094776894
51.894510470688054 35.75525041106787
243.48571208392056 36.26459358606281
364.5197061700271 39.95436985478436
231.14011179076516 40.63275196241976
109.78022945832325 42.58362596915359
67.29637978372742 44.23024560695119
433.9146128788168 47.199878910400976
428.42386360404396 49.05110049194571
371.8624377113928 51.5913311140393
342.12223946709753 52.82791851567778
377.79066210256656 55.25984507782697
393.20403920460006 57.09914740536728
609.9683676225944 59.03878461556031
454.4168381802689 61.25548840757948
387.535153282092 63.32125036967131
404.9811714615824 65.25734416717265
255.89919026112386 66.49646520471804
633.2620281425559 69.51632454364265
324.11100316881766 70.26382274111093
401.0910846588818 72.04417734130762
622.2144820198027 74.34198578542185
201.39417386515873 76.92016513213154
391.52250470611625 79.20595890665837
678.6989693753874 81.76213814461819
646.2273333340552 83.63105780698915
454.1423956937855 85.67187241928015
525.2459367195106 87.8988127821637
433.00423733814193 88.67685168470268
580.0980614897178 91.2365885355813
383.4611929405466 93.47522715741283
615.2468422777741 95.18051821546318
598.5516188398908 96.88096616510914
296.43484003971935 98.82196356953413
270.2815263909848 101.88253044248572
516.2997007765575 103.09138765396261
451.9313451719402 105.59693477170799
144.58200228953925 107.96985383741125
126.88756772377377 109.42697474229897
579.5999867269974 110.06458381260289
574.2663803029208 113.84827776143865
202.77837604208366 114.3194378934332
484.9911073311039 116.93786871491245
623.5443001517067 119.90958088340969
703.3946043539715 121.48012910917417
694.7819266292794 122.58399348500471
512.4908604450264 124.03652705385451
596.4959812064125 127.45904333439904
654.2346179578208 129.7566479819646
261.43771184932956 131.24917499523778
260.0404858314958 132.37815634746406
742.8347244589646 134.62689636684456
669.4699059926961 137.29771973550666
267.1474861479009 138.19314496629283
289.18466549836955 141.52132032467216
441.93759556200473 143.4932663513145
386.65214898510055 145.5413994268109
621.4099069320004 146.26253222134267
229.62183571327648 148.22613702318864
586.6208560340147 150.05449246047544
218.29531435661787 152.30987460164704
518.3394934701912 154.05996814174864
495.67945418956583 156.43569371013706
285.8768775707219 159.73558466307057
712.7481018287984 161.20694096858804
682.6561558828389 162.26014362005057
764.5433715640337 164.90792943091608
367.34442615418584 166.33918757600688
680.3563974870306 168.09502630974367
415.3898190907171 171.035977852568
393.14592062907684 172.75699095086284
532.905780719133 174.38897850826905
182.91781573062258 177.37365294555542
524.3718534241839 179.7812181976981
432.9599832710046 181.21607512504386
781.0818751227065 183.84309173418143
192.44732305361782 184.2221859955886
622.8183644978524 187.48006245192994
702.3244792022238 188.58717021344447
262.4595266141236 190.9435409865494
210.2339109680088 192.10435970964218
751.9184703594935 195.57387670412592
265.7836339536926 196.17455672292692
746.2414518520424 198.74160472021808
737.1886034596527 200.51496277180652
