24 34 11
0 0
48 0
2 2
50 2
4 4
52 4
6 6
54 6
8 8
56 8
10 10
58 10
12 12
60 12
14 14
62 14
16 16
64 16
18 18
66 18
20 20
68 20
22 22
70 22
1 2
1 3
2 4
3 4
3 5
4 6
5 6
5 7
6 8
7 8
7 9
8 10
9 10
9 11
10 12
11 12
11 13
12 14
13 14
13 15
14 16
15 16
15 17
16 18
17 18
17 19
18 20
19 20
19 21
20 22
21 22
21 23
22 24
23 24
18.43447475587397 1.1836317835037444
10.362123201583536 2.051460811373931
49.370827233193786 4.771592883004503
27.592980930801115 6.30980370366062
40.68686516003898 8.429730619601909
29.44615965229435 11.892484597311675
18.46997201134482 13.898722162079611
55.41176123156831 14.974786008146616
42.52266700391051 17.384135311381286
33.23134863595174 18.873912155692132
22.24511226232552 21.392724771619193
