2004 3004 1001
0 0
6012 0
2 2
6014 2
4 4
6016 4
6 6
6018 6
8 8
6020 8
10 10
6022 10
12 12
6024 12
14 14
6026 14
16 16
6028 16
18 18
6030 18
20 20
6032 20
22 22
6034 22
24 24
6036 24
26 26
6038 26
28 28
6040 28
30 30
6042 30
32 32
6044 32
34 34
6046 34
36 36
6048 36
38 38
6050 38
40 40
6052 40
42 42
6054 42
44 44
6056 44
46 46
6058 46
48 48
6060 48
50 50
6062 50
52 52
6064 52
54 54
6066 54
56 56
6068 56
58 58
6070 58
60 60
6072 60
62 62
6074 62
64 64
6076 64
66 66
6078 66
68 68
6080 68
70 70
6082 70
72 72
6084 72
74 74
6086 74
76 76
6088 76
78 78
6090 78
80 80
6092 80
82 82
6094 82
84 84
6096 84
86 86
6098 86
88 88
6100 88
90 90
6102 90
92 92
6104 92
94 94
6106 94
96 96
6108 96
98 98
6110 98
100 100
6112 100
102 102
6114 102
104 104
6116 104
106 106
6118 106
108 108
6120 108
110 110
6122 110
112 112
6124 112
114 114
6126 114
116 116
6128 116
118 118
6130 118
120 120
6132 120
122 122
6134 122
124 124
6136 124
126 126
6138 126
128 128
6140 128
130 130
6142 130
132 132
6144 132
134 134
6146 134
136 136
6148 136
138 138
6150 138
140 140
6152 140
142 142
6154 142
144 144
6156 144
146 146
6158 146
148 148
6160 148
150 150
6162 150
152 152
6164 152
154 154
6166 154
156 156
6168 156
158 158
6170 158
160 160
6172 160
162 162
6174 162
164 164
6176 164
166 166
6178 166
168 168
6180 168
170 170
6182 170
172 172
6184 172
174 174
6186 174
176 176
6188 176
178 178
6190 178
180 180
6192 180
182 182
6194 182
184 184
6196 184
186 186
6198 186
188 188
6200 188
190 190
6202 190
192 192
6204 192
194 194
6206 194
196 196
6208 196
198 198
6210 198
200 200
6212 200
202 202
6214 202
204 204
6216 204
206 206
6218 206
208 208
6220 208
210 210
6222 210
212 212
6224 212
214 214
6226 214
216 216
6228 216
218 218
6230 218
220 220
6232 220
222 222
6234 222
224 224
6236 224
226 226
6238 226
228 228
6240 228
230 230
6242 230
232 232
6244 232
234 234
6246 234
236 236
6248 236
238 238
6250 238
240 240
6252 240
242 242
6254 242
244 244
6256 244
246 246
6258 246
248 248
6260 248
250 250
6262 250
252 252
6264 252
254 254
6266 254
256 256
6268 256
258 258
6270 258
260 260
6272 260
262 262
6274 262
264 264
6276 264
266 266
6278 266
268 268
6280 268
270 270
6282 270
272 272
6284 272
274 274
6286 274
276 276
6288 276
278 278
6290 278
280 280
6292 280
282 282
6294 282
284 284
6296 284
286 286
6298 286
288 288
6300 288
290 290
6302 290
292 292
6304 292
294 294
6306 294
296 296
6308 296
298 298
6310 298
300 300
6312 300
302 302
6314 302
304 304
6316 304
306 306
6318 306
308 308
6320 308
310 310
6322 310
312 312
6324 312
314 314
6326 314
316 316
6328 316
318 318
6330 318
320 320
6332 320
322 322
6334 322
324 324
6336 324
326 326
6338 326
328 328
6340 328
330 330
6342 330
332 332
6344 332
334 334
6346 334
336 336
6348 336
338 338
6350 338
340 340
6352 340
342 342
6354 342
344 344
6356 344
346 346
6358 346
348 348
6360 348
350 350
6362 350
352 352
6364 352
354 354
6366 354
356 356
6368 356
358 358
6370 358
360 360
6372 360
362 362
6374 362
364 364
6376 364
366 366
6378 366
368 368
6380 368
370 370
6382 370
372 372
6384 372
374 374
6386 374
376 376
6388 376
378 378
6390 378
380 380
6392 380
382 382
6394 382
384 384
6396 384
386 386
6398 386
388 388
6400 388
390 390
6402 390
392 392
6404 392
394 394
6406 394
396 396
6408 396
398 398
6410 398
400 400
6412 400
402 402
6414 402
404 404
6416 404
406 406
6418 406
408 408
6420 408
410 410
6422 410
412 412
6424 412
414 414
6426 414
416 416
6428 416
418 418
6430 418
420 420
6432 420
422 422
6434 422
424 424
6436 424
426 426
6438 426
428 428
6440 428
430 430
6442 430
432 432
6444 432
434 434
6446 434
436 436
6448 436
438 438
6450 438
440 440
6452 440
442 442
6454 442
444 444
6456 444
446 446
6458 446
448 448
6460 448
450 450
6462 450
452 452
6464 452
454 454
6466 454
456 456
6468 456
458 458
6470 458
460 460
6472 460
462 462
6474 462
464 464
6476 464
466 466
6478 466
468 468
6480 468
470 470
6482 470
472 472
6484 472
474 474
6486 474
476 476
6488 476
478 478
6490 478
480 480
6492 480
482 482
6494 482
484 484
6496 484
486 486
6498 486
488 488
6500 488
490 490
6502 490
492 492
6504 492
494 494
6506 494
496 496
6508 496
498 498
6510 498
500 500
6512 500
502 502
6514 502
504 504
6516 504
506 506
6518 506
508 508
6520 508
510 510
6522 510
512 512
6524 512
514 514
6526 514
516 516
6528 516
518 518
6530 518
520 520
6532 520
522 522
6534 522
524 524
6536 524
526 526
6538 526
528 528
6540 528
530 530
6542 530
532 532
6544 532
534 534
6546 534
536 536
6548 536
538 538
6550 538
540 540
6552 540
542 542
6554 542
544 544
6556 544
546 546
6558 546
548 548
6560 548
550 550
6562 550
552 552
6564 552
554 554
6566 554
556 556
6568 556
558 558
6570 558
560 560
6572 560
562 562
6574 562
564 564
6576 564
566 566
6578 566
568 568
6580 568
570 570
6582 570
572 572
6584 572
574 574
6586 574
576 576
6588 576
578 578
6590 578
580 580
6592 580
582 582
6594 582
584 584
6596 584
586 586
6598 586
588 588
6600 588
590 590
6602 590
592 592
6604 592
594 594
6606 594
596 596
6608 596
598 598
6610 598
600 600
6612 600
602 602
6614 602
604 604
6616 604
606 606
6618 606
608 608
6620 608
610 610
6622 610
612 612
6624 612
614 614
6626 614
616 616
6628 616
618 618
6630 618
620 620
6632 620
622 622
6634 622
624 624
6636 624
626 626
6638 626
628 628
6640 628
630 630
6642 630
632 632
6644 632
634 634
6646 634
636 636
6648 636
638 638
6650 638
640 640
6652 640
642 642
6654 642
644 644
6656 644
646 646
6658 646
648 648
6660 648
650 650
6662 650
652 652
6664 652
654 654
6666 654
656 656
6668 656
658 658
6670 658
660 660
6672 660
662 662
6674 662
664 664
6676 664
666 666
6678 666
668 668
6680 668
670 670
6682 670
672 672
6684 672
674 674
6686 674
676 676
6688 676
678 678
6690 678
680 680
6692 680
682 682
6694 682
684 684
6696 684
686 686
6698 686
688 688
6700 688
690 690
6702 690
692 692
6704 692
694 694
6706 694
696 696
6708 696
698 698
6710 698
700 700
6712 700
702 702
6714 702
704 704
6716 704
706 706
6718 706
708 708
6720 708
710 710
6722 710
712 712
6724 712
714 714
6726 714
716 716
6728 716
718 718
6730 718
720 720
6732 720
722 722
6734 722
724 724
6736 724
726 726
6738 726
728 728
6740 728
730 730
6742 730
732 732
6744 732
734 734
6746 734
736 736
6748 736
738 738
6750 738
740 740
6752 740
742 742
6754 742
744 744
6756 744
746 746
6758 746
748 748
6760 748
750 750
6762 750
752 752
6764 752
754 754
6766 754
756 756
6768 756
758 758
6770 758
760 760
6772 760
762 762
6774 762
764 764
6776 764
766 766
6778 766
768 768
6780 768
770 770
6782 770
772 772
6784 772
774 774
6786 774
776 776
6788 776
778 778
6790 778
780 780
6792 780
782 782
6794 782
784 784
6796 784
786 786
6798 786
788 788
6800 788
790 790
6802 790
792 792
6804 792
794 794
6806 794
796 796
6808 796
798 798
6810 798
800 800
6812 800
802 802
6814 802
804 804
6816 804
806 806
6818 806
808 808
6820 808
810 810
6822 810
812 812
6824 812
814 814
6826 814
816 816
6828 816
818 818
6830 818
820 820
6832 820
822 822
6834 822
824 824
6836 824
826 826
6838 826
828 828
6840 828
830 830
6842 830
832 832
6844 832
834 834
6846 834
836 836
6848 836
838 838
6850 838
840 840
6852 840
842 842
6854 842
844 844
6856 844
846 846
6858 846
848 848
6860 848
850 850
6862 850
852 852
6864 852
854 854
6866 854
856 856
6868 856
858 858
6870 858
860 860
6872 860
862 862
6874 862
864 864
6876 864
866 866
6878 866
868 868
6880 868
870 870
6882 870
872 872
6884 872
874 874
6886 874
876 876
6888 876
878 878
6890 878
880 880
6892 880
882 882
6894 882
884 884
6896 884
886 886
6898 886
888 888
6900 888
890 890
6902 890
892 892
6904 892
894 894
6906 894
896 896
6908 896
898 898
6910 898
900 900
6912 900
902 902
6914 902
904 904
6916 904
906 906
6918 906
908 908
6920 908
910 910
6922 910
912 912
6924 912
914 914
6926 914
916 916
6928 916
918 918
6930 918
920 920
6932 920
922 922
6934 922
924 924
6936 924
926 926
6938 926
928 928
6940 928
930 930
6942 930
932 932
6944 932
934 934
6946 934
936 936
6948 936
938 938
6950 938
940 940
6952 940
942 942
6954 942
944 944
6956 944
946 946
6958 946
948 948
6960 948
950 950
6962 950
952 952
6964 952
954 954
6966 954
956 956
6968 956
958 958
6970 958
960 960
6972 960
962 962
6974 962
964 964
6976 964
966 966
6978 966
968 968
6980 968
970 970
6982 970
972 972
6984 972
974 974
6986 974
976 976
6988 976
978 978
6990 978
980 980
6992 980
982 982
6994 982
984 984
6996 984
986 986
6998 986
988 988
7000 988
990 990
7002 990
992 992
7004 992
994 994
7006 994
996 996
7008 996
998 998
7010 998
1000 1000
7012 1000
1002 1002
7014 1002
1004 1004
7016 1004
1006 1006
7018 1006
1008 1008
7020 1008
1010 1010
7022 1010
1012 1012
7024 1012
1014 1014
7026 1014
1016 1016
7028 1016
1018 1018
7030 1018
1020 1020
7032 1020
1022 1022
7034 1022
1024 1024
7036 1024
1026 1026
7038 1026
1028 1028
7040 1028
1030 1030
7042 1030
1032 1032
7044 1032
1034 1034
7046 1034
1036 1036
7048 1036
1038 1038
7050 1038
1040 1040
7052 1040
1042 1042
7054 1042
1044 1044
7056 1044
1046 1046
7058 1046
1048 1048
7060 1048
1050 1050
7062 1050
1052 1052
7064 1052
1054 1054
7066 1054
1056 1056
7068 1056
1058 1058
7070 1058
1060 1060
7072 1060
1062 1062
7074 1062
1064 1064
7076 1064
1066 1066
7078 1066
1068 1068
7080 1068
1070 1070
7082 1070
1072 1072
7084 1072
1074 1074
7086 1074
1076 1076
7088 1076
1078 1078
7090 1078
1080 1080
7092 1080
1082 1082
7094 1082
1084 1084
7096 1084
1086 1086
7098 1086
1088 1088
7100 1088
1090 1090
7102 1090
1092 1092
7104 1092
1094 1094
7106 1094
1096 1096
7108 1096
1098 1098
7110 1098
1100 1100
7112 1100
1102 1102
7114 1102
1104 1104
7116 1104
1106 1106
7118 1106
1108 1108
7120 1108
1110 1110
7122 1110
1112 1112
7124 1112
1114 1114
7126 1114
1116 1116
7128 1116
1118 1118
7130 1118
1120 1120
7132 1120
1122 1122
7134 1122
1124 1124
7136 1124
1126 1126
7138 1126
1128 1128
7140 1128
1130 1130
7142 1130
1132 1132
7144 1132
1134 1134
7146 1134
1136 1136
7148 1136
1138 1138
7150 1138
1140 1140
7152 1140
1142 1142
7154 1142
1144 1144
7156 1144
1146 1146
7158 1146
1148 1148
7160 1148
1150 1150
7162 1150
1152 1152
7164 1152
1154 1154
7166 1154
1156 1156
7168 1156
1158 1158
7170 1158
1160 1160
7172 1160
1162 1162
7174 1162
1164 1164
7176 1164
1166 1166
7178 1166
1168 1168
7180 1168
1170 1170
7182 1170
1172 1172
7184 1172
1174 1174
7186 1174
1176 1176
7188 1176
1178 1178
7190 1178
1180 1180
7192 1180
1182 1182
7194 1182
1184 1184
7196 1184
1186 1186
7198 1186
1188 1188
7200 1188
1190 1190
7202 1190
1192 1192
7204 1192
1194 1194
7206 1194
1196 1196
7208 1196
1198 1198
7210 1198
1200 1200
7212 1200
1202 1202
7214 1202
1204 1204
7216 1204
1206 1206
7218 1206
1208 1208
7220 1208
1210 1210
7222 1210
1212 1212
7224 1212
1214 1214
7226 1214
1216 1216
7228 1216
1218 1218
7230 1218
1220 1220
7232 1220
1222 1222
7234 1222
1224 1224
7236 1224
1226 1226
7238 1226
1228 1228
7240 1228
1230 1230
7242 1230
1232 1232
7244 1232
1234 1234
7246 1234
1236 1236
7248 1236
1238 1238
7250 1238
1240 1240
7252 1240
1242 1242
7254 1242
1244 1244
7256 1244
1246 1246
7258 1246
1248 1248
7260 1248
1250 1250
7262 1250
1252 1252
7264 1252
1254 1254
7266 1254
1256 1256
7268 1256
1258 1258
7270 1258
1260 1260
7272 1260
1262 1262
7274 1262
1264 1264
7276 1264
1266 1266
7278 1266
1268 1268
7280 1268
1270 1270
7282 1270
1272 1272
7284 1272
1274 1274
7286 1274
1276 1276
7288 1276
1278 1278
7290 1278
1280 1280
7292 1280
1282 1282
7294 1282
1284 1284
7296 1284
1286 1286
7298 1286
1288 1288
7300 1288
1290 1290
7302 1290
1292 1292
7304 1292
1294 1294
7306 1294
1296 1296
7308 1296
1298 1298
7310 1298
1300 1300
7312 1300
1302 1302
7314 1302
1304 1304
7316 1304
1306 1306
7318 1306
1308 1308
7320 1308
1310 1310
7322 1310
1312 1312
7324 1312
1314 1314
7326 1314
1316 1316
7328 1316
1318 1318
7330 1318
1320 1320
7332 1320
1322 1322
7334 1322
1324 1324
7336 1324
1326 1326
7338 1326
1328 1328
7340 1328
1330 1330
7342 1330
1332 1332
7344 1332
1334 1334
7346 1334
1336 1336
7348 1336
1338 1338
7350 1338
1340 1340
7352 1340
1342 1342
7354 1342
1344 1344
7356 1344
1346 1346
7358 1346
1348 1348
7360 1348
1350 1350
7362 1350
1352 1352
7364 1352
1354 1354
7366 1354
1356 1356
7368 1356
1358 1358
7370 1358
1360 1360
7372 1360
1362 1362
7374 1362
1364 1364
7376 1364
1366 1366
7378 1366
1368 1368
7380 1368
1370 1370
7382 1370
1372 1372
7384 1372
1374 1374
7386 1374
1376 1376
7388 1376
1378 1378
7390 1378
1380 1380
7392 1380
1382 1382
7394 1382
1384 1384
7396 1384
1386 1386
7398 1386
1388 1388
7400 1388
1390 1390
7402 1390
1392 1392
7404 1392
1394 1394
7406 1394
1396 1396
7408 1396
1398 1398
7410 1398
1400 1400
7412 1400
1402 1402
7414 1402
1404 1404
7416 1404
1406 1406
7418 1406
1408 1408
7420 1408
1410 1410
7422 1410
1412 1412
7424 1412
1414 1414
7426 1414
1416 1416
7428 1416
1418 1418
7430 1418
1420 1420
7432 1420
1422 1422
7434 1422
1424 1424
7436 1424
1426 1426
7438 1426
1428 1428
7440 1428
1430 1430
7442 1430
1432 1432
7444 1432
1434 1434
7446 1434
1436 1436
7448 1436
1438 1438
7450 1438
1440 1440
7452 1440
1442 1442
7454 1442
1444 1444
7456 1444
1446 1446
7458 1446
1448 1448
7460 1448
1450 1450
7462 1450
1452 1452
7464 1452
1454 1454
7466 1454
1456 1456
7468 1456
1458 1458
7470 1458
1460 1460
7472 1460
1462 1462
7474 1462
1464 1464
7476 1464
1466 1466
7478 1466
1468 1468
7480 1468
1470 1470
7482 1470
1472 1472
7484 1472
1474 1474
7486 1474
1476 1476
7488 1476
1478 1478
7490 1478
1480 1480
7492 1480
1482 1482
7494 1482
1484 1484
7496 1484
1486 1486
7498 1486
1488 1488
7500 1488
1490 1490
7502 1490
1492 1492
7504 1492
1494 1494
7506 1494
1496 1496
7508 1496
1498 1498
7510 1498
1500 1500
7512 1500
1502 1502
7514 1502
1504 1504
7516 1504
1506 1506
7518 1506
1508 1508
7520 1508
1510 1510
7522 1510
1512 1512
7524 1512
1514 1514
7526 1514
1516 1516
7528 1516
1518 1518
7530 1518
1520 1520
7532 1520
1522 1522
7534 1522
1524 1524
7536 1524
1526 1526
7538 1526
1528 1528
7540 1528
1530 1530
7542 1530
1532 1532
7544 1532
1534 1534
7546 1534
1536 1536
7548 1536
1538 1538
7550 1538
1540 1540
7552 1540
1542 1542
7554 1542
1544 1544
7556 1544
1546 1546
7558 1546
1548 1548
7560 1548
1550 1550
7562 1550
1552 1552
7564 1552
1554 1554
7566 1554
1556 1556
7568 1556
1558 1558
7570 1558
1560 1560
7572 1560
1562 1562
7574 1562
1564 1564
7576 1564
1566 1566
7578 1566
1568 1568
7580 1568
1570 1570
7582 1570
1572 1572
7584 1572
1574 1574
7586 1574
1576 1576
7588 1576
1578 1578
7590 1578
1580 1580
7592 1580
1582 1582
7594 1582
1584 1584
7596 1584
1586 1586
7598 1586
1588 1588
7600 1588
1590 1590
7602 1590
1592 1592
7604 1592
1594 1594
7606 1594
1596 1596
7608 1596
1598 1598
7610 1598
1600 1600
7612 1600
1602 1602
7614 1602
1604 1604
7616 1604
1606 1606
7618 1606
1608 1608
7620 1608
1610 1610
7622 1610
1612 1612
7624 1612
1614 1614
7626 1614
1616 1616
7628 1616
1618 1618
7630 1618
1620 1620
7632 1620
1622 1622
7634 1622
1624 1624
7636 1624
1626 1626
7638 1626
1628 1628
7640 1628
1630 1630
7642 1630
1632 1632
7644 1632
1634 1634
7646 1634
1636 1636
7648 1636
1638 1638
7650 1638
1640 1640
7652 1640
1642 1642
7654 1642
1644 1644
7656 1644
1646 1646
7658 1646
1648 1648
7660 1648
1650 1650
7662 1650
1652 1652
7664 1652
1654 1654
7666 1654
1656 1656
7668 1656
1658 1658
7670 1658
1660 1660
7672 1660
1662 1662
7674 1662
1664 1664
7676 1664
1666 1666
7678 1666
1668 1668
7680 1668
1670 1670
7682 1670
1672 1672
7684 1672
1674 1674
7686 1674
1676 1676
7688 1676
1678 1678
7690 1678
1680 1680
7692 1680
1682 1682
7694 1682
1684 1684
7696 1684
1686 1686
7698 1686
1688 1688
7700 1688
1690 1690
7702 1690
1692 1692
7704 1692
1694 1694
7706 1694
1696 1696
7708 1696
1698 1698
7710 1698
1700 1700
7712 1700
1702 1702
7714 1702
1704 1704
7716 1704
1706 1706
7718 1706
1708 1708
7720 1708
1710 1710
7722 1710
1712 1712
7724 1712
1714 1714
7726 1714
1716 1716
7728 1716
1718 1718
7730 1718
1720 1720
7732 1720
1722 1722
7734 1722
1724 1724
7736 1724
1726 1726
7738 1726
1728 1728
7740 1728
1730 1730
7742 1730
1732 1732
7744 1732
1734 1734
7746 1734
1736 1736
7748 1736
1738 1738
7750 1738
1740 1740
7752 1740
1742 1742
7754 1742
1744 1744
7756 1744
1746 1746
7758 1746
1748 1748
7760 1748
1750 1750
7762 1750
1752 1752
7764 1752
1754 1754
7766 1754
1756 1756
7768 1756
1758 1758
7770 1758
1760 1760
7772 1760
1762 1762
7774 1762
1764 1764
7776 1764
1766 1766
7778 1766
1768 1768
7780 1768
1770 1770
7782 1770
1772 1772
7784 1772
1774 1774
7786 1774
1776 1776
7788 1776
1778 1778
7790 1778
1780 1780
7792 1780
1782 1782
7794 1782
1784 1784
7796 1784
1786 1786
7798 1786
1788 1788
7800 1788
1790 1790
7802 1790
1792 1792
7804 1792
1794 1794
7806 1794
1796 1796
7808 1796
1798 1798
7810 1798
1800 1800
7812 1800
1802 1802
7814 1802
1804 1804
7816 1804
1806 1806
7818 1806
1808 1808
7820 1808
1810 1810
7822 1810
1812 1812
7824 1812
1814 1814
7826 1814
1816 1816
7828 1816
1818 1818
7830 1818
1820 1820
7832 1820
1822 1822
7834 1822
1824 1824
7836 1824
1826 1826
7838 1826
1828 1828
7840 1828
1830 1830
7842 1830
1832 1832
7844 1832
1834 1834
7846 1834
1836 1836
7848 1836
1838 1838
7850 1838
1840 1840
7852 1840
1842 1842
7854 1842
1844 1844
7856 1844
1846 1846
7858 1846
1848 1848
7860 1848
1850 1850
7862 1850
1852 1852
7864 1852
1854 1854
7866 1854
1856 1856
7868 1856
1858 1858
7870 1858
1860 1860
7872 1860
1862 1862
7874 1862
1864 1864
7876 1864
1866 1866
7878 1866
1868 1868
7880 1868
1870 1870
7882 1870
1872 1872
7884 1872
1874 1874
7886 1874
1876 1876
7888 1876
1878 1878
7890 1878
1880 1880
7892 1880
1882 1882
7894 1882
1884 1884
7896 1884
1886 1886
7898 1886
1888 1888
7900 1888
1890 1890
7902 1890
1892 1892
7904 1892
1894 1894
7906 1894
1896 1896
7908 1896
1898 1898
7910 1898
1900 1900
7912 1900
1902 1902
7914 1902
1904 1904
7916 1904
1906 1906
7918 1906
1908 1908
7920 1908
1910 1910
7922 1910
1912 1912
7924 1912
1914 1914
7926 1914
1916 1916
7928 1916
1918 1918
7930 1918
1920 1920
7932 1920
1922 1922
7934 1922
1924 1924
7936 1924
1926 1926
7938 1926
1928 1928
7940 1928
1930 1930
7942 1930
1932 1932
7944 1932
1934 1934
7946 1934
1936 1936
7948 1936
1938 1938
7950 1938
1940 1940
7952 1940
1942 1942
7954 1942
1944 1944
7956 1944
1946 1946
7958 1946
1948 1948
7960 1948
1950 1950
7962 1950
1952 1952
7964 1952
1954 1954
7966 1954
1956 1956
7968 1956
1958 1958
7970 1958
1960 1960
7972 1960
1962 1962
7974 1962
1964 1964
7976 1964
1966 1966
7978 1966
1968 1968
7980 1968
1970 1970
7982 1970
1972 1972
7984 1972
1974 1974
7986 1974
1976 1976
7988 1976
1978 1978
7990 1978
1980 1980
7992 1980
1982 1982
7994 1982
1984 1984
7996 1984
1986 1986
7998 1986
1988 1988
8000 1988
1990 1990
8002 1990
1992 1992
8004 1992
1994 1994
8006 1994
1996 1996
8008 1996
1998 1998
8010 1998
2000 2000
8012 2000
2002 2002
8014 2002
1 2
1 3
2 4
3 4
3 5
4 6
5 6
5 7
6 8
7 8
7 9
8 10
9 10
9 11
10 12
11 12
11 13
12 14
13 14
13 15
14 16
15 16
15 17
16 18
17 18
17 19
18 20
19 20
19 21
20 22
21 22
21 23
22 24
23 24
23 25
24 26
25 26
25 27
26 28
27 28
27 29
28 30
29 30
29 31
30 32
31 32
31 33
32 34
33 34
33 35
34 36
35 36
35 37
36 38
37 38
37 39
38 40
39 40
39 41
40 42
41 42
41 43
42 44
43 44
43 45
44 46
45 46
45 47
46 48
47 48
47 49
48 50
49 50
49 51
50 52
51 52
51 53
52 54
53 54
53 55
54 56
55 56
55 57
56 58
57 58
57 59
58 60
59 60
59 61
60 62
61 62
61 63
62 64
63 64
63 65
64 66
65 66
65 67
66 68
67 68
67 69
68 70
69 70
69 71
70 72
71 72
71 73
72 74
73 74
73 75
74 76
75 76
75 77
76 78
77 78
77 79
78 80
79 80
79 81
80 82
81 82
81 83
82 84
83 84
83 85
84 86
85 86
85 87
86 88
87 88
87 89
88 90
89 90
89 91
90 92
91 92
91 93
92 94
93 94
93 95
94 96
95 96
95 97
96 98
97 98
97 99
98 100
99 100
99 101
100 102
101 102
101 103
102 104
103 104
103 105
104 106
105 106
105 107
106 108
107 108
107 109
108 110
109 110
109 111
110 112
111 112
111 113
112 114
113 114
113 115
114 116
115 116
115 117
116 118
117 118
117 119
118 120
119 120
119 121
120 122
121 122
121 123
122 124
123 124
123 125
124 126
125 126
125 127
126 128
127 128
127 129
128 130
129 130
129 131
130 132
131 132
131 133
132 134
133 134
133 135
134 136
135 136
135 137
136 138
137 138
137 139
138 140
139 140
139 141
140 142
141 142
141 143
142 144
143 144
143 145
144 146
145 146
145 147
146 148
147 148
147 149
148 150
149 150
149 151
150 152
151 152
151 153
152 154
153 154
153 155
154 156
155 156
155 157
156 158
157 158
157 159
158 160
159 160
159 161
160 162
161 162
161 163
162 164
163 164
163 165
164 166
165 166
165 167
166 168
167 168
167 169
168 170
169 170
169 171
170 172
171 172
171 173
172 174
173 174
173 175
174 176
175 176
175 177
176 178
177 178
177 179
178 180
179 180
179 181
180 182
181 182
181 183
182 184
183 184
183 185
184 186
185 186
185 187
186 188
187 188
187 189
188 190
189 190
189 191
190 192
191 192
191 193
192 194
193 194
193 195
194 196
195 196
195 197
196 198
197 198
197 199
198 200
199 200
199 201
200 202
201 202
201 203
202 204
203 204
203 205
204 206
205 206
205 207
206 208
207 208
207 209
208 210
209 210
209 211
210 212
211 212
211 213
212 214
213 214
213 215
214 216
215 216
215 217
216 218
217 218
217 219
218 220
219 220
219 221
220 222
221 222
221 223
222 224
223 224
223 225
224 226
225 226
225 227
226 228
227 228
227 229
228 230
229 230
229 231
230 232
231 232
231 233
232 234
233 234
233 235
234 236
235 236
235 237
236 238
237 238
237 239
238 240
239 240
239 241
240 242
241 242
241 243
242 244
243 244
243 245
244 246
245 246
245 247
246 248
247 248
247 249
248 250
249 250
249 251
250 252
251 252
251 253
252 254
253 254
253 255
254 256
255 256
255 257
256 258
257 258
257 259
258 260
259 260
259 261
260 262
261 262
261 263
262 264
263 264
263 265
264 266
265 266
265 267
266 268
267 268
267 269
268 270
269 270
269 271
270 272
271 272
271 273
272 274
273 274
273 275
274 276
275 276
275 277
276 278
277 278
277 279
278 280
279 280
279 281
280 282
281 282
281 283
282 284
283 284
283 285
284 286
285 286
285 287
286 288
287 288
287 289
288 290
289 290
289 291
290 292
291 292
291 293
292 294
293 294
293 295
294 296
295 296
295 297
296 298
297 298
297 299
298 300
299 300
299 301
300 302
301 302
301 303
302 304
303 304
303 305
304 306
305 306
305 307
306 308
307 308
307 309
308 310
309 310
309 311
310 312
311 312
311 313
312 314
313 314
313 315
314 316
315 316
315 317
316 318
317 318
317 319
318 320
319 320
319 321
320 322
321 322
321 323
322 324
323 324
323 325
324 326
325 326
325 327
326 328
327 328
327 329
328 330
329 330
329 331
330 332
331 332
331 333
332 334
333 334
333 335
334 336
335 336
335 337
336 338
337 338
337 339
338 340
339 340
339 341
340 342
341 342
341 343
342 344
343 344
343 345
344 346
345 346
345 347
346 348
347 348
347 349
348 350
349 350
349 351
350 352
351 352
351 353
352 354
353 354
353 355
354 356
355 356
355 357
356 358
357 358
357 359
358 360
359 360
359 361
360 362
361 362
361 363
362 364
363 364
363 365
364 366
365 366
365 367
366 368
367 368
367 369
368 370
369 370
369 371
370 372
371 372
371 373
372 374
373 374
373 375
374 376
375 376
375 377
376 378
377 378
377 379
378 380
379 380
379 381
380 382
381 382
381 383
382 384
383 384
383 385
384 386
385 386
385 387
386 388
387 388
387 389
388 390
389 390
389 391
390 392
391 392
391 393
392 394
393 394
393 395
394 396
395 396
395 397
396 398
397 398
397 399
398 400
399 400
399 401
400 402
401 402
401 403
402 404
403 404
403 405
404 406
405 406
405 407
406 408
407 408
407 409
408 410
409 410
409 411
410 412
411 412
411 413
412 414
413 414
413 415
414 416
415 416
415 417
416 418
417 418
417 419
418 420
419 420
419 421
420 422
421 422
421 423
422 424
423 424
423 425
424 426
425 426
425 427
426 428
427 428
427 429
428 430
429 430
429 431
430 432
431 432
431 433
432 434
433 434
433 435
434 436
435 436
435 437
436 438
437 438
437 439
438 440
439 440
439 441
440 442
441 442
441 443
442 444
443 444
443 445
444 446
445 446
445 447
446 448
447 448
447 449
448 450
449 450
449 451
450 452
451 452
451 453
452 454
453 454
453 455
454 456
455 456
455 457
456 458
457 458
457 459
458 460
459 460
459 461
460 462
461 462
461 463
462 464
463 464
463 465
464 466
465 466
465 467
466 468
467 468
467 469
468 470
469 470
469 471
470 472
471 472
471 473
472 474
473 474
473 475
474 476
475 476
475 477
476 478
477 478
477 479
478 480
479 480
479 481
480 482
481 482
481 483
482 484
483 484
483 485
484 486
485 486
485 487
486 488
487 488
487 489
488 490
489 490
489 491
490 492
491 492
491 493
492 494
493 494
493 495
494 496
495 496
495 497
496 498
497 498
497 499
498 500
499 500
499 501
500 502
501 502
501 503
502 504
503 504
503 505
504 506
505 506
505 507
506 508
507 508
507 509
508 510
509 510
509 511
510 512
511 512
511 513
512 514
513 514
513 515
514 516
515 516
515 517
516 518
517 518
517 519
518 520
519 520
519 521
520 522
521 522
521 523
522 524
523 524
523 525
524 526
525 526
525 527
526 528
527 528
527 529
528 530
529 530
529 531
530 532
531 532
531 533
532 534
533 534
533 535
534 536
535 536
535 537
536 538
537 538
537 539
538 540
539 540
539 541
540 542
541 542
541 543
542 544
543 544
543 545
544 546
545 546
545 547
546 548
547 548
547 549
548 550
549 550
549 551
550 552
551 552
551 553
552 554
553 554
553 555
554 556
555 556
555 557
556 558
557 558
557 559
558 560
559 560
559 561
560 562
561 562
561 563
562 564
563 564
563 565
564 566
565 566
565 567
566 568
567 568
567 569
568 570
569 570
569 571
570 572
571 572
571 573
572 574
573 574
573 575
574 576
575 576
575 577
576 578
577 578
577 579
578 580
579 580
579 581
580 582
581 582
581 583
582 584
583 584
583 585
584 586
585 586
585 587
586 588
587 588
587 589
588 590
589 590
589 591
590 592
591 592
591 593
592 594
593 594
593 595
594 596
595 596
595 597
596 598
597 598
597 599
598 600
599 600
599 601
600 602
601 602
601 603
602 604
603 604
603 605
604 606
605 606
605 607
606 608
607 608
607 609
608 610
609 610
609 611
610 612
611 612
611 613
612 614
613 614
613 615
614 616
615 616
615 617
616 618
617 618
617 619
618 620
619 620
619 621
620 622
621 622
621 623
622 624
623 624
623 625
624 626
625 626
625 627
626 628
627 628
627 629
628 630
629 630
629 631
630 632
631 632
631 633
632 634
633 634
633 635
634 636
635 636
635 637
636 638
637 638
637 639
638 640
639 640
639 641
640 642
641 642
641 643
642 644
643 644
643 645
644 646
645 646
645 647
646 648
647 648
647 649
648 650
649 650
649 651
650 652
651 652
651 653
652 654
653 654
653 655
654 656
655 656
655 657
656 658
657 658
657 659
658 660
659 660
659 661
660 662
661 662
661 663
662 664
663 664
663 665
664 666
665 666
665 667
666 668
667 668
667 669
668 670
669 670
669 671
670 672
671 672
671 673
672 674
673 674
673 675
674 676
675 676
675 677
676 678
677 678
677 679
678 680
679 680
679 681
680 682
681 682
681 683
682 684
683 684
683 685
684 686
685 686
685 687
686 688
687 688
687 689
688 690
689 690
689 691
690 692
691 692
691 693
692 694
693 694
693 695
694 696
695 696
695 697
696 698
697 698
697 699
698 700
699 700
699 701
700 702
701 702
701 703
702 704
703 704
703 705
704 706
705 706
705 707
706 708
707 708
707 709
708 710
709 710
709 711
710 712
711 712
711 713
712 714
713 714
713 715
714 716
715 716
715 717
716 718
717 718
717 719
718 720
719 720
719 721
720 722
721 722
721 723
722 724
723 724
723 725
724 726
725 726
725 727
726 728
727 728
727 729
728 730
729 730
729 731
730 732
731 732
731 733
732 734
733 734
733 735
734 736
735 736
735 737
736 738
737 738
737 739
738 740
739 740
739 741
740 742
741 742
741 743
742 744
743 744
743 745
744 746
745 746
745 747
746 748
747 748
747 749
748 750
749 750
749 751
750 752
751 752
751 753
752 754
753 754
753 755
754 756
755 756
755 757
756 758
757 758
757 759
758 760
759 760
759 761
760 762
761 762
761 763
762 764
763 764
763 765
764 766
765 766
765 767
766 768
767 768
767 769
768 770
769 770
769 771
770 772
771 772
771 773
772 774
773 774
773 775
774 776
775 776
775 777
776 778
777 778
777 779
778 780
779 780
779 781
780 782
781 782
781 783
782 784
783 784
783 785
784 786
785 786
785 787
786 788
787 788
787 789
788 790
789 790
789 791
790 792
791 792
791 793
792 794
793 794
793 795
794 796
795 796
795 797
796 798
797 798
797 799
798 800
799 800
799 801
800 802
801 802
801 803
802 804
803 804
803 805
804 806
805 806
805 807
806 808
807 808
807 809
808 810
809 810
809 811
810 812
811 812
811 813
812 814
813 814
813 815
814 816
815 816
815 817
816 818
817 818
817 819
818 820
819 820
819 821
820 822
821 822
821 823
822 824
823 824
823 825
824 826
825 826
825 827
826 828
827 828
827 829
828 830
829 830
829 831
830 832
831 832
831 833
832 834
833 834
833 835
834 836
835 836
835 837
836 838
837 838
837 839
838 840
839 840
839 841
840 842
841 842
841 843
842 844
843 844
843 845
844 846
845 846
845 847
846 848
847 848
847 849
848 850
849 850
849 851
850 852
851 852
851 853
852 854
853 854
853 855
854 856
855 856
855 857
856 858
857 858
857 859
858 860
859 860
859 861
860 862
861 862
861 863
862 864
863 864
863 865
864 866
865 866
865 867
866 868
867 868
867 869
868 870
869 870
869 871
870 872
871 872
871 873
872 874
873 874
873 875
874 876
875 876
875 877
876 878
877 878
877 879
878 880
879 880
879 881
880 882
881 882
881 883
882 884
883 884
883 885
884 886
885 886
885 887
886 888
887 888
887 889
888 890
889 890
889 891
890 892
891 892
891 893
892 894
893 894
893 895
894 896
895 896
895 897
896 898
897 898
897 899
898 900
899 900
899 901
900 902
901 902
901 903
902 904
903 904
903 905
904 906
905 906
905 907
906 908
907 908
907 909
908 910
909 910
909 911
910 912
911 912
911 913
912 914
913 914
913 915
914 916
915 916
915 917
916 918
917 918
917 919
918 920
919 920
919 921
920 922
921 922
921 923
922 924
923 924
923 925
924 926
925 926
925 927
926 928
927 928
927 929
928 930
929 930
929 931
930 932
931 932
931 933
932 934
933 934
933 935
934 936
935 936
935 937
936 938
937 938
937 939
938 940
939 940
939 941
940 942
941 942
941 943
942 944
943 944
943 945
944 946
945 946
945 947
946 948
947 948
947 949
948 950
949 950
949 951
950 952
951 952
951 953
952 954
953 954
953 955
954 956
955 956
955 957
956 958
957 958
957 959
958 960
959 960
959 961
960 962
961 962
961 963
962 964
963 964
963 965
964 966
965 966
965 967
966 968
967 968
967 969
968 970
969 970
969 971
970 972
971 972
971 973
972 974
973 974
973 975
974 976
975 976
975 977
976 978
977 978
977 979
978 980
979 980
979 981
980 982
981 982
981 983
982 984
983 984
983 985
984 986
985 986
985 987
986 988
987 988
987 989
988 990
989 990
989 991
990 992
991 992
991 993
992 994
993 994
993 995
994 996
995 996
995 997
996 998
997 998
997 999
998 1000
999 1000
999 1001
1000 1002
1001 1002
1001 1003
1002 1004
1003 1004
1003 1005
1004 1006
1005 1006
1005 1007
1006 1008
1007 1008
1007 1009
1008 1010
1009 1010
1009 1011
1010 1012
1011 1012
1011 1013
1012 1014
1013 1014
1013 1015
1014 1016
1015 1016
1015 1017
1016 1018
1017 1018
1017 1019
1018 1020
1019 1020
1019 1021
1020 1022
1021 1022
1021 1023
1022 1024
1023 1024
1023 1025
1024 1026
1025 1026
1025 1027
1026 1028
1027 1028
1027 1029
1028 1030
1029 1030
1029 1031
1030 1032
1031 1032
1031 1033
1032 1034
1033 1034
1033 1035
1034 1036
1035 1036
1035 1037
1036 1038
1037 1038
1037 1039
1038 1040
1039 1040
1039 1041
1040 1042
1041 1042
1041 1043
1042 1044
1043 1044
1043 1045
1044 1046
1045 1046
1045 1047
1046 1048
1047 1048
1047 1049
1048 1050
1049 1050
1049 1051
1050 1052
1051 1052
1051 1053
1052 1054
1053 1054
1053 1055
1054 1056
1055 1056
1055 1057
1056 1058
1057 1058
1057 1059
1058 1060
1059 1060
1059 1061
1060 1062
1061 1062
1061 1063
1062 1064
1063 1064
1063 1065
1064 1066
1065 1066
1065 1067
1066 1068
1067 1068
1067 1069
1068 1070
1069 1070
1069 1071
1070 1072
1071 1072
1071 1073
1072 1074
1073 1074
1073 1075
1074 1076
1075 1076
1075 1077
1076 1078
1077 1078
1077 1079
1078 1080
1079 1080
1079 1081
1080 1082
1081 1082
1081 1083
1082 1084
1083 1084
1083 1085
1084 1086
1085 1086
1085 1087
1086 1088
1087 1088
1087 1089
1088 1090
1089 1090
1089 1091
1090 1092
1091 1092
1091 1093
1092 1094
1093 1094
1093 1095
1094 1096
1095 1096
1095 1097
1096 1098
1097 1098
1097 1099
1098 1100
1099 1100
1099 1101
1100 1102
1101 1102
1101 1103
1102 1104
1103 1104
1103 1105
1104 1106
1105 1106
1105 1107
1106 1108
1107 1108
1107 1109
1108 1110
1109 1110
1109 1111
1110 1112
1111 1112
1111 1113
1112 1114
1113 1114
1113 1115
1114 1116
1115 1116
1115 1117
1116 1118
1117 1118
1117 1119
1118 1120
1119 1120
1119 1121
1120 1122
1121 1122
1121 1123
1122 1124
1123 1124
1123 1125
1124 1126
1125 1126
1125 1127
1126 1128
1127 1128
1127 1129
1128 1130
1129 1130
1129 1131
1130 1132
1131 1132
1131 1133
1132 1134
1133 1134
1133 1135
1134 1136
1135 1136
1135 1137
1136 1138
1137 1138
1137 1139
1138 1140
1139 1140
1139 1141
1140 1142
1141 1142
1141 1143
1142 1144
1143 1144
1143 1145
1144 1146
1145 1146
1145 1147
1146 1148
1147 1148
1147 1149
1148 1150
1149 1150
1149 1151
1150 1152
1151 1152
1151 1153
1152 1154
1153 1154
1153 1155
1154 1156
1155 1156
1155 1157
1156 1158
1157 1158
1157 1159
1158 1160
1159 1160
1159 1161
1160 1162
1161 1162
1161 1163
1162 1164
1163 1164
1163 1165
1164 1166
1165 1166
1165 1167
1166 1168
1167 1168
1167 1169
1168 1170
1169 1170
1169 1171
1170 1172
1171 1172
1171 1173
1172 1174
1173 1174
1173 1175
1174 1176
1175 1176
1175 1177
1176 1178
1177 1178
1177 1179
1178 1180
1179 1180
1179 1181
1180 1182
1181 1182
1181 1183
1182 1184
1183 1184
1183 1185
1184 1186
1185 1186
1185 1187
1186 1188
1187 1188
1187 1189
1188 1190
1189 1190
1189 1191
1190 1192
1191 1192
1191 1193
1192 1194
1193 1194
1193 1195
1194 1196
1195 1196
1195 1197
1196 1198
1197 1198
1197 1199
1198 1200
1199 1200
1199 1201
1200 1202
1201 1202
1201 1203
1202 1204
1203 1204
1203 1205
1204 1206
1205 1206
1205 1207
1206 1208
1207 1208
1207 1209
1208 1210
1209 1210
1209 1211
1210 1212
1211 1212
1211 1213
1212 1214
1213 1214
1213 1215
1214 1216
1215 1216
1215 1217
1216 1218
1217 1218
1217 1219
1218 1220
1219 1220
1219 1221
1220 1222
1221 1222
1221 1223
1222 1224
1223 1224
1223 1225
1224 1226
1225 1226
1225 1227
1226 1228
1227 1228
1227 1229
1228 1230
1229 1230
1229 1231
1230 1232
1231 1232
1231 1233
1232 1234
1233 1234
1233 1235
1234 1236
1235 1236
1235 1237
1236 1238
1237 1238
1237 1239
1238 1240
1239 1240
1239 1241
1240 1242
1241 1242
1241 1243
1242 1244
1243 1244
1243 1245
1244 1246
1245 1246
1245 1247
1246 1248
1247 1248
1247 1249
1248 1250
1249 1250
1249 1251
1250 1252
1251 1252
1251 1253
1252 1254
1253 1254
1253 1255
1254 1256
1255 1256
1255 1257
1256 1258
1257 1258
1257 1259
1258 1260
1259 1260
1259 1261
1260 1262
1261 1262
1261 1263
1262 1264
1263 1264
1263 1265
1264 1266
1265 1266
1265 1267
1266 1268
1267 1268
1267 1269
1268 1270
1269 1270
1269 1271
1270 1272
1271 1272
1271 1273
1272 1274
1273 1274
1273 1275
1274 1276
1275 1276
1275 1277
1276 1278
1277 1278
1277 1279
1278 1280
1279 1280
1279 1281
1280 1282
1281 1282
1281 1283
1282 1284
1283 1284
1283 1285
1284 1286
1285 1286
1285 1287
1286 1288
1287 1288
1287 1289
1288 1290
1289 1290
1289 1291
1290 1292
1291 1292
1291 1293
1292 1294
1293 1294
1293 1295
1294 1296
1295 1296
1295 1297
1296 1298
1297 1298
1297 1299
1298 1300
1299 1300
1299 1301
1300 1302
1301 1302
1301 1303
1302 1304
1303 1304
1303 1305
1304 1306
1305 1306
1305 1307
1306 1308
1307 1308
1307 1309
1308 1310
1309 1310
1309 1311
1310 1312
1311 1312
1311 1313
1312 1314
1313 1314
1313 1315
1314 1316
1315 1316
1315 1317
1316 1318
1317 1318
1317 1319
1318 1320
1319 1320
1319 1321
1320 1322
1321 1322
1321 1323
1322 1324
1323 1324
1323 1325
1324 1326
1325 1326
1325 1327
1326 1328
1327 1328
1327 1329
1328 1330
1329 1330
1329 1331
1330 1332
1331 1332
1331 1333
1332 1334
1333 1334
1333 1335
1334 1336
1335 1336
1335 1337
1336 1338
1337 1338
1337 1339
1338 1340
1339 1340
1339 1341
1340 1342
1341 1342
1341 1343
1342 1344
1343 1344
1343 1345
1344 1346
1345 1346
1345 1347
1346 1348
1347 1348
1347 1349
1348 1350
1349 1350
1349 1351
1350 1352
1351 1352
1351 1353
1352 1354
1353 1354
1353 1355
1354 1356
1355 1356
1355 1357
1356 1358
1357 1358
1357 1359
1358 1360
1359 1360
1359 1361
1360 1362
1361 1362
1361 1363
1362 1364
1363 1364
1363 1365
1364 1366
1365 1366
1365 1367
1366 1368
1367 1368
1367 1369
1368 1370
1369 1370
1369 1371
1370 1372
1371 1372
1371 1373
1372 1374
1373 1374
1373 1375
1374 1376
1375 1376
1375 1377
1376 1378
1377 1378
1377 1379
1378 1380
1379 1380
1379 1381
1380 1382
1381 1382
1381 1383
1382 1384
1383 1384
1383 1385
1384 1386
1385 1386
1385 1387
1386 1388
1387 1388
1387 1389
1388 1390
1389 1390
1389 1391
1390 1392
1391 1392
1391 1393
1392 1394
1393 1394
1393 1395
1394 1396
1395 1396
1395 1397
1396 1398
1397 1398
1397 1399
1398 1400
1399 1400
1399 1401
1400 1402
1401 1402
1401 1403
1402 1404
1403 1404
1403 1405
1404 1406
1405 1406
1405 1407
1406 1408
1407 1408
1407 1409
1408 1410
1409 1410
1409 1411
1410 1412
1411 1412
1411 1413
1412 1414
1413 1414
1413 1415
1414 1416
1415 1416
1415 1417
1416 1418
1417 1418
1417 1419
1418 1420
1419 1420
1419 1421
1420 1422
1421 1422
1421 1423
1422 1424
1423 1424
1423 1425
1424 1426
1425 1426
1425 1427
1426 1428
1427 1428
1427 1429
1428 1430
1429 1430
1429 1431
1430 1432
1431 1432
1431 1433
1432 1434
1433 1434
1433 1435
1434 1436
1435 1436
1435 1437
1436 1438
1437 1438
1437 1439
1438 1440
1439 1440
1439 1441
1440 1442
1441 1442
1441 1443
1442 1444
1443 1444
1443 1445
1444 1446
1445 1446
1445 1447
1446 1448
1447 1448
1447 1449
1448 1450
1449 1450
1449 1451
1450 1452
1451 1452
1451 1453
1452 1454
1453 1454
1453 1455
1454 1456
1455 1456
1455 1457
1456 1458
1457 1458
1457 1459
1458 1460
1459 1460
1459 1461
1460 1462
1461 1462
1461 1463
1462 1464
1463 1464
1463 1465
1464 1466
1465 1466
1465 1467
1466 1468
1467 1468
1467 1469
1468 1470
1469 1470
1469 1471
1470 1472
1471 1472
1471 1473
1472 1474
1473 1474
1473 1475
1474 1476
1475 1476
1475 1477
1476 1478
1477 1478
1477 1479
1478 1480
1479 1480
1479 1481
1480 1482
1481 1482
1481 1483
1482 1484
1483 1484
1483 1485
1484 1486
1485 1486
1485 1487
1486 1488
1487 1488
1487 1489
1488 1490
1489 1490
1489 1491
1490 1492
1491 1492
1491 1493
1492 1494
1493 1494
1493 1495
1494 1496
1495 1496
1495 1497
1496 1498
1497 1498
1497 1499
1498 1500
1499 1500
1499 1501
1500 1502
1501 1502
1501 1503
1502 1504
1503 1504
1503 1505
1504 1506
1505 1506
1505 1507
1506 1508
1507 1508
1507 1509
1508 1510
1509 1510
1509 1511
1510 1512
1511 1512
1511 1513
1512 1514
1513 1514
1513 1515
1514 1516
1515 1516
1515 1517
1516 1518
1517 1518
1517 1519
1518 1520
1519 1520
1519 1521
1520 1522
1521 1522
1521 1523
1522 1524
1523 1524
1523 1525
1524 1526
1525 1526
1525 1527
1526 1528
1527 1528
1527 1529
1528 1530
1529 1530
1529 1531
1530 1532
1531 1532
1531 1533
1532 1534
1533 1534
1533 1535
1534 1536
1535 1536
1535 1537
1536 1538
1537 1538
1537 1539
1538 1540
1539 1540
1539 1541
1540 1542
1541 1542
1541 1543
1542 1544
1543 1544
1543 1545
1544 1546
1545 1546
1545 1547
1546 1548
1547 1548
1547 1549
1548 1550
1549 1550
1549 1551
1550 1552
1551 1552
1551 1553
1552 1554
1553 1554
1553 1555
1554 1556
1555 1556
1555 1557
1556 1558
1557 1558
1557 1559
1558 1560
1559 1560
1559 1561
1560 1562
1561 1562
1561 1563
1562 1564
1563 1564
1563 1565
1564 1566
1565 1566
1565 1567
1566 1568
1567 1568
1567 1569
1568 1570
1569 1570
1569 1571
1570 1572
1571 1572
1571 1573
1572 1574
1573 1574
1573 1575
1574 1576
1575 1576
1575 1577
1576 1578
1577 1578
1577 1579
1578 1580
1579 1580
1579 1581
1580 1582
1581 1582
1581 1583
1582 1584
1583 1584
1583 1585
1584 1586
1585 1586
1585 1587
1586 1588
1587 1588
1587 1589
1588 1590
1589 1590
1589 1591
1590 1592
1591 1592
1591 1593
1592 1594
1593 1594
1593 1595
1594 1596
1595 1596
1595 1597
1596 1598
1597 1598
1597 1599
1598 1600
1599 1600
1599 1601
1600 1602
1601 1602
1601 1603
1602 1604
1603 1604
1603 1605
1604 1606
1605 1606
1605 1607
1606 1608
1607 1608
1607 1609
1608 1610
1609 1610
1609 1611
1610 1612
1611 1612
1611 1613
1612 1614
1613 1614
1613 1615
1614 1616
1615 1616
1615 1617
1616 1618
1617 1618
1617 1619
1618 1620
1619 1620
1619 1621
1620 1622
1621 1622
1621 1623
1622 1624
1623 1624
1623 1625
1624 1626
1625 1626
1625 1627
1626 1628
1627 1628
1627 1629
1628 1630
1629 1630
1629 1631
1630 1632
1631 1632
1631 1633
1632 1634
1633 1634
1633 1635
1634 1636
1635 1636
1635 1637
1636 1638
1637 1638
1637 1639
1638 1640
1639 1640
1639 1641
1640 1642
1641 1642
1641 1643
1642 1644
1643 1644
1643 1645
1644 1646
1645 1646
1645 1647
1646 1648
1647 1648
1647 1649
1648 1650
1649 1650
1649 1651
1650 1652
1651 1652
1651 1653
1652 1654
1653 1654
1653 1655
1654 1656
1655 1656
1655 1657
1656 1658
1657 1658
1657 1659
1658 1660
1659 1660
1659 1661
1660 1662
1661 1662
1661 1663
1662 1664
1663 1664
1663 1665
1664 1666
1665 1666
1665 1667
1666 1668
1667 1668
1667 1669
1668 1670
1669 1670
1669 1671
1670 1672
1671 1672
1671 1673
1672 1674
1673 1674
1673 1675
1674 1676
1675 1676
1675 1677
1676 1678
1677 1678
1677 1679
1678 1680
1679 1680
1679 1681
1680 1682
1681 1682
1681 1683
1682 1684
1683 1684
1683 1685
1684 1686
1685 1686
1685 1687
1686 1688
1687 1688
1687 1689
1688 1690
1689 1690
1689 1691
1690 1692
1691 1692
1691 1693
1692 1694
1693 1694
1693 1695
1694 1696
1695 1696
1695 1697
1696 1698
1697 1698
1697 1699
1698 1700
1699 1700
1699 1701
1700 1702
1701 1702
1701 1703
1702 1704
1703 1704
1703 1705
1704 1706
1705 1706
1705 1707
1706 1708
1707 1708
1707 1709
1708 1710
1709 1710
1709 1711
1710 1712
1711 1712
1711 1713
1712 1714
1713 1714
1713 1715
1714 1716
1715 1716
1715 1717
1716 1718
1717 1718
1717 1719
1718 1720
1719 1720
1719 1721
1720 1722
1721 1722
1721 1723
1722 1724
1723 1724
1723 1725
1724 1726
1725 1726
1725 1727
1726 1728
1727 1728
1727 1729
1728 1730
1729 1730
1729 1731
1730 1732
1731 1732
1731 1733
1732 1734
1733 1734
1733 1735
1734 1736
1735 1736
1735 1737
1736 1738
1737 1738
1737 1739
1738 1740
1739 1740
1739 1741
1740 1742
1741 1742
1741 1743
1742 1744
1743 1744
1743 1745
1744 1746
1745 1746
1745 1747
1746 1748
1747 1748
1747 1749
1748 1750
1749 1750
1749 1751
1750 1752
1751 1752
1751 1753
1752 1754
1753 1754
1753 1755
1754 1756
1755 1756
1755 1757
1756 1758
1757 1758
1757 1759
1758 1760
1759 1760
1759 1761
1760 1762
1761 1762
1761 1763
1762 1764
1763 1764
1763 1765
1764 1766
1765 1766
1765 1767
1766 1768
1767 1768
1767 1769
1768 1770
1769 1770
1769 1771
1770 1772
1771 1772
1771 1773
1772 1774
1773 1774
1773 1775
1774 1776
1775 1776
1775 1777
1776 1778
1777 1778
1777 1779
1778 1780
1779 1780
1779 1781
1780 1782
1781 1782
1781 1783
1782 1784
1783 1784
1783 1785
1784 1786
1785 1786
1785 1787
1786 1788
1787 1788
1787 1789
1788 1790
1789 1790
1789 1791
1790 1792
1791 1792
1791 1793
1792 1794
1793 1794
1793 1795
1794 1796
1795 1796
1795 1797
1796 1798
1797 1798
1797 1799
1798 1800
1799 1800
1799 1801
1800 1802
1801 1802
1801 1803
1802 1804
1803 1804
1803 1805
1804 1806
1805 1806
1805 1807
1806 1808
1807 1808
1807 1809
1808 1810
1809 1810
1809 1811
1810 1812
1811 1812
1811 1813
1812 1814
1813 1814
1813 1815
1814 1816
1815 1816
1815 1817
1816 1818
1817 1818
1817 1819
1818 1820
1819 1820
1819 1821
1820 1822
1821 1822
1821 1823
1822 1824
1823 1824
1823 1825
1824 1826
1825 1826
1825 1827
1826 1828
1827 1828
1827 1829
1828 1830
1829 1830
1829 1831
1830 1832
1831 1832
1831 1833
1832 1834
1833 1834
1833 1835
1834 1836
1835 1836
1835 1837
1836 1838
1837 1838
1837 1839
1838 1840
1839 1840
1839 1841
1840 1842
1841 1842
1841 1843
1842 1844
1843 1844
1843 1845
1844 1846
1845 1846
1845 1847
1846 1848
1847 1848
1847 1849
1848 1850
1849 1850
1849 1851
1850 1852
1851 1852
1851 1853
1852 1854
1853 1854
1853 1855
1854 1856
1855 1856
1855 1857
1856 1858
1857 1858
1857 1859
1858 1860
1859 1860
1859 1861
1860 1862
1861 1862
1861 1863
1862 1864
1863 1864
1863 1865
1864 1866
1865 1866
1865 1867
1866 1868
1867 1868
1867 1869
1868 1870
1869 1870
1869 1871
1870 1872
1871 1872
1871 1873
1872 1874
1873 1874
1873 1875
1874 1876
1875 1876
1875 1877
1876 1878
1877 1878
1877 1879
1878 1880
1879 1880
1879 1881
1880 1882
1881 1882
1881 1883
1882 1884
1883 1884
1883 1885
1884 1886
1885 1886
1885 1887
1886 1888
1887 1888
1887 1889
1888 1890
1889 1890
1889 1891
1890 1892
1891 1892
1891 1893
1892 1894
1893 1894
1893 1895
1894 1896
1895 1896
1895 1897
1896 1898
1897 1898
1897 1899
1898 1900
1899 1900
1899 1901
1900 1902
1901 1902
1901 1903
1902 1904
1903 1904
1903 1905
1904 1906
1905 1906
1905 1907
1906 1908
1907 1908
1907 1909
1908 1910
1909 1910
1909 1911
1910 1912
1911 1912
1911 1913
1912 1914
1913 1914
1913 1915
1914 1916
1915 1916
1915 1917
1916 1918
1917 1918
1917 1919
1918 1920
1919 1920
1919 1921
1920 1922
1921 1922
1921 1923
1922 1924
1923 1924
1923 1925
1924 1926
1925 1926
1925 1927
1926 1928
1927 1928
1927 1929
1928 1930
1929 1930
1929 1931
1930 1932
1931 1932
1931 1933
1932 1934
1933 1934
1933 1935
1934 1936
1935 1936
1935 1937
1936 1938
1937 1938
1937 1939
1938 1940
1939 1940
1939 1941
1940 1942
1941 1942
1941 1943
1942 1944
1943 1944
1943 1945
1944 1946
1945 1946
1945 1947
1946 1948
1947 1948
1947 1949
1948 1950
1949 1950
1949 1951
1950 1952
1951 1952
1951 1953
1952 1954
1953 1954
1953 1955
1954 1956
1955 1956
1955 1957
1956 1958
1957 1958
1957 1959
1958 1960
1959 1960
1959 1961
1960 1962
1961 1962
1961 1963
1962 1964
1963 1964
1963 1965
1964 1966
1965 1966
1965 1967
1966 1968
1967 1968
1967 1969
1968 1970
1969 1970
1969 1971
1970 1972
1971 1972
1971 1973
1972 1974
1973 1974
1973 1975
1974 1976
1975 1976
1975 1977
1976 1978
1977 1978
1977 1979
1978 1980
1979 1980
1979 1981
1980 1982
1981 1982
1981 1983
1982 1984
1983 1984
1983 1985
1984 1986
1985 1986
1985 1987
1986 1988
1987 1988
1987 1989
1988 1990
1989 1990
1989 1991
1990 1992
1991 1992
1991 1993
1992 1994
1993 1994
1993 1995
1994 1996
1995 1996
1995 1997
1996 1998
1997 1998
1997 1999
1998 2000
1999 2000
1999 2001
2000 2002
2001 2002
2001 2003
2002 2004
2003 2004
3062.196935146995 1.5914059619702867
212.8265264222928 3.2711854827565228
3666.7221724864394 4.078619079860423
5966.808001807809 6.186489245505204
616.1910332189889 9.281645845641545
2075.8715938700657 10.921007783797739
5740.756913135653 13.6419130931168
4212.522717798309 14.655539577716478
778.2824822324727 17.057378764802706
4352.738498751861 18.336375253483162
5317.750573837144 20.540560790993105
598.0845564854114 23.63198942371918
1716.7739078751113 25.494173917809647
5730.587207605841 26.330869069706786
3005.7221303286365 28.9670698685224
4537.44450901018 31.231510056170876
4648.616676073816 32.660578663452135
4228.347786522306 34.223084245287126
1567.1845318846858 37.63033178771575
3528.5724066433345 39.89218432197807
4021.1883887879917 41.67547217779147
5676.450541871229 42.40714705765004
260.6523554998139 45.94595460817444
948.6278107162212 47.57317306877047
3330.182621414923 48.138564675375655
2654.193350861313 51.37865160019546
2462.2225159328914 53.54650685611107
2905.336094293477 54.748400726357076
5470.750715396042 56.43602615145445
5646.470709220067 59.74091257556249
2956.785645501793 61.03531956879859
342.9472515001547 62.29141655279549
2791.9581076299582 65.11332839412377
791.6501500629153 66.31006543443976
153.39199345054874 68.10379899128688
2135.9139275604207 70.07204717436574
2148.253651907512 72.20807897426603
3430.5888903556674 74.24619489441874
132.76298590811754 76.9912923372716
4135.968412131288 78.5224921169141
5876.015175961172 80.38935015627831
2489.4180214668245 82.62018786048449
5249.986009542909 85.14677056777454
2976.4906557219388 86.47600999550579
2410.2880835216683 88.3518979283937
3395.09429435557 90.09874483283865
5173.730402113329 92.3380271380259
2191.2939755703437 94.66267139819854
1995.943589232917 96.9455817853286
3076.091964889849 99.38532599331063
3587.2040204474165 101.80906008113689
340.76606949555924 102.53192380828646
3505.7414883737924 105.51337601693785
379.4091380734396 107.8020029508076
655.5261544837814 109.15763652946855
6106.981911192982 110.95391924188414
992.2085881876945 113.89278135620322
5741.70343121094 115.23912380527419
5377.476800101899 117.35934917674712
4132.090261717496 118.2760806076629
3934.776527071685 120.77406979970988
2383.2173119303043 123.34237296817389
372.0752267555456 124.41384851623403
3454.4432369239416 127.11065086081908
229.592021074449 129.91092937748013
4356.67033116766 131.92969626701594
2681.085772733988 132.79619161398298
4594.530896118726 135.3492911511337
2496.7330102486467 136.7889134817232
198.32773741457441 138.80868118201695
3971.854964430085 140.09305758761928
5172.630363536066 143.00811379414245
5866.396797125122 145.58636918848953
4767.936828514147 146.6896148182547
3890.737561159861 148.1687025136956
4780.635802249362 151.53006333806752
2858.3277975842752 153.29223715021539
1035.2652131441678 154.79924746193083
1382.4667465205694 157.126208985446
5148.3473809662055 159.02933266104702
2927.7462212173396 161.6169674958259
2782.9406433906292 162.8501143594628
380.81672985473085 165.33530487760086
4558.677933162429 167.8660945303092
5489.932867597592 168.11017991205654
2773.3245981792343 171.524269327034
689.4113710744739 172.77242370656253
1853.9647551303387 175.0898840824224
1987.503147922791 177.7231955766142
5225.596542857731 178.86971179864477
2342.662902482609 181.89567506541053
5201.543366071993 183.08053550268178
3665.5531023135127 185.6077828958928
1029.6961532743148 186.28202592312348
6027.320374462918 189.34843407979142
3133.1271414354474 190.90456047676406
5502.094945498406 192.48538728728818
1354.1364701601435 195.31285090719774
2200.557603357529 196.54664454803907
1501.6659029800774 198.81470959627381
1696.7346301846603 200.7792551854158
5676.537625464422 202.18348688738635
1726.6009581058051 205.11455325723512
5317.86424832965 207.0394108841367
876.5442129555175 209.32867657837804
3966.1660652667397 211.10238570185845
5770.66196077872 212.59689350366776
1982.9674653751829 215.53366914232714
2142.6809359927584 217.6960755376196
5680.429427476082 219.20619095358225
3881.3206478814263 220.06922040012734
2302.0001756936445 223.81811126431603
2469.3972431261845 224.7623645406266
3827.094939254186 227.67197399899484
1036.1607466474197 229.2625637363149
1509.4883120044826 230.6472735971764
4349.445608430923 232.79440550456601
948.2582860638005 234.54744483902195
4102.923195624418 237.17401867684438
5894.681839656557 238.21367487468055
1218.172191026823 240.4799267414839
4717.901532716414 242.97482084406602
3215.337796081987 245.1217095464587
2508.866709001939 246.03068928210936
5447.883981447879 249.39920117317777
4073.0098495990983 250.5050381767623
5886.6774912653555 252.38368409733883
527.2274592985839 255.41462127441153
6193.611800238832 256.65410861557456
3662.870749543364 258.84279962629563
4695.840983543287 261.09896628060375
3369.2236905784357 263.58127779655763
2860.374318161062 264.56387843671894
1608.0800014472102 266.8321493288822
3964.5033986415983 269.4394137090191
4510.559863881913 271.62140019509195
1418.4528872352419 273.04545097364894
3709.6320734790916 274.8383137605723
4428.802315386188 277.63406576278635
963.6540750908006 279.29405247502496
3507.0092479324567 280.0332066820702
1129.2311066127945 283.0142557218124
2942.597869585142 285.21336972471613
6289.44011446103 287.0162806655671
3672.4326868491185 289.0695813542404
1830.2695787029968 291.8671915284594
1245.9750966120437 292.18272738639433
2713.809950407854 294.5181421729155
4398.775077370541 296.042224489941
5818.180007499101 299.17876645030765
2455.8367007360275 300.24579122748736
1634.6710567402276 303.1272168903008
3149.446553396096 304.88740763017404
4454.851989650835 306.3794247798737
684.3004089467472 308.1172297384308
5484.099146714345 310.87576531432956
2733.9225381379865 312.85518393229034
4032.38495595453 315.94134078901686
2527.5875755731086 317.5407363235426
5847.307931996366 319.62792152040976
5991.8220324448575 320.83819227893775
4531.585214841547 323.60249895896305
4674.145268709214 325.7685578401201
3704.221225435468 326.4126902333918
5100.103907046676 328.7301536559324
2643.798566287182 330.29439328488786
5649.178978107696 333.019243700448
2965.81645813901 335.8762302859318
5057.790477756496 336.19628375471336
1543.3480190072357 338.1038316548966
5274.467107509135 340.3934000043705
2217.060113220894 342.13855199007924
5639.442599464248 345.3399366280475
5544.529868237422 347.8137091429069
437.61808794480754 349.02136991372555
4916.794061550325 350.96479862306455
5287.018167795555 353.6905569193301
4489.9001272261685 354.54002710281367
5034.381147604142 357.63829288534964
2756.231607507564 358.77430770759645
3942.7463486970296 361.08259846764696
6032.3723446908 362.5890359524702
919.8927815702147 364.8860738383442
2162.1969121749876 366.15265854394136
4729.875172305568 368.7079245495397
554.8157422652039 371.6922369035037
3268.657681426155 373.18254391949546
5371.300536282312 375.20418142380043
4055.3698988114693 377.3159377211656
5793.318969883125 378.7785787748476
4266.320523109833 380.85703872363285
5979.981616515883 382.0715930696657
1234.8487602380478 384.48035111725557
2838.745847671591 387.43443176020725
6343.890441158329 389.96275445287694
2322.4507952778235 390.608924647437
3005.8956737308613 392.38932255115793
787.5004198317106 394.2241097979182
932.44918235493 396.65155799648653
1822.648729980284 399.12354534152536
2874.0671916184997 401.61944241577754
2762.2078652043683 403.30603913716584
6363.823635549388 405.1077338935906
471.69664491474924 406.7074311662131
4219.0617799463525 408.7809528657158
4680.861376658256 410.03458333780577
3023.0335063344514 412.17574573969296
3181.073868221997 415.29291805596176
3394.9591153143465 417.13779602849553
3741.628542856534 418.2976075241237
5474.946373805565 421.96929435988153
1832.6110176986315 422.35613048981327
1981.9850982301396 424.14107996421774
897.9753242024085 427.74497364561984
1450.261781642756 428.7063993244347
2996.274408755369 431.5424614212054
5178.193097398808 432.5632919586152
1025.9163256399459 434.52592381089414
1598.5685881598974 436.55147460762583
5003.895151023836 439.4598507928128
6080.115446598825 441.54134147083823
4969.828528655133 442.8435932792054
4529.919864872187 445.81001718027517
904.3829986409467 447.1765800947532
6105.532423309734 449.325283197382
5697.18883026088 450.5043205683833
5723.766974841341 452.3950246630666
872.8672949548964 455.2829667783739
1693.0895566057727 457.9103337068965
6287.787788872443 459.0029492207932
3213.525155072948 461.00719689865866
1769.3098742888803 462.65737731215205
964.7672389169063 464.1597880489223
5184.576532092745 467.1735669854979
1083.268187892896 469.3992013951312
3261.7749446893586 470.25347204137756
1997.3296324348948 472.8860832143521
2080.21116072699 474.3698035608996
2887.811606834601 476.3468626153254
5901.813345826584 478.98386068028043
3573.1399337173275 481.89095086251723
5722.13217987817 483.22676094156253
3392.7081760806122 484.93047955739456
1828.4876442909242 487.54174824149646
2301.8241867156203 488.22038965278426
1240.7867595879757 490.15761981780474
2367.1547792764704 493.4558794339457
5795.820419622682 495.81420279649853
6173.816322818647 496.27554271650786
3333.7635708676194 498.2428730208062
1817.3291623307066 500.34977347911064
1798.328912111334 502.0956347902976
2008.949084030926 505.94575455289726
2500.9432536845206 506.09339393437807
3121.636233515454 509.016642741068
5315.660794981455 511.94163248159276
3664.110721824752 513.7642905762355
6465.159861055417 514.5366933894741
5789.356154221902 516.4587528946877
2451.11173149987 519.6120835925979
3113.646775607974 521.2350184509407
2569.4761823487743 523.1943422252136
2169.5858784594293 524.1493297305561
5797.862371272602 526.1113587920522
6010.751064261743 528.9290195448569
3320.6583828712937 531.6395371518072
1176.7558196196637 533.2596095179553
4568.390579990066 535.8776676437666
4612.488621220709 536.4808562356624
2162.96849837607 539.927508117029
1477.5561285949725 541.5675516278799
4023.1184583609092 542.0342321445503
633.8155074592055 544.9382878677025
4786.149937185917 546.552255014888
3095.698073002144 549.7690426298335
4031.180724548869 550.7610529472155
678.0211507066234 552.9965172567098
1431.0444626015137 555.8443802711395
757.3224393584319 556.5984062616584
6480.42473681057 559.4677534357297
2263.90339621559 561.4099447386935
1507.755179634536 562.9040309077628
3333.9697877480594 565.5645614995764
3883.677753710305 566.3455881012153
3572.5877748542484 568.0510209308354
4049.999007756523 571.4437768583224
2718.674127870903 573.6530727125682
3331.434071430998 574.1432621260578
696.8168206379996 577.6910338312616
5845.138390368962 579.8454171565248
2511.086443723516 581.4245596193595
2394.6531966463563 583.4329345307225
4950.988492590022 585.5875235316529
5313.417206810494 586.1514748581283
776.9476168386096 588.7960096128966
6166.217934463068 591.8173513765303
5931.082207703439 592.1592915413833
3081.6938370007347 595.5367937632468
4000.77516207002 596.0001501240512
4398.088409504356 599.0147813791381
770.3388087943756 601.8780657412934
1275.8974264635585 603.0195059105324
2265.549933914612 604.1024895444625
3479.4162634719705 606.2151249440435
6338.2713212699455 608.0652545533643
6611.50506777138 610.4103766659136
2013.4871769046001 613.7564557932385
3816.698359465517 614.7819134043078
3754.8129139714983 616.726313540228
1167.0565190328448 618.4705504533805
6546.075045957888 621.283189283368
796.4544532937036 623.2903028481886
4158.268434694405 625.4084008930231
3275.7027701927304 626.765846195759
5554.723571926374 629.1476264347924
3539.17496411309 630.4420014217199
3171.0706927712818 633.3187188100657
6372.607322472822 634.8637497782017
1641.9373926034123 637.2866841207608
4239.149001905356 639.0383558058095
1535.4709080668872 640.281464102302
5986.195806483827 642.7268271599082
3682.6239718647357 644.8330114996628
3934.6947127308467 646.6350411906197
4725.916347234639 648.8947583211659
2209.5102931298434 651.7072959652158
3875.8821946038847 652.9905145853882
4639.188436170428 655.8939346483853
2576.150664146331 656.4585584134185
2111.722394658578 659.5853302802559
5739.723544581322 661.1460103485754
2233.624347443905 662.5431293835109
5966.1973776672885 664.6920621017877
1671.8927256305092 667.0723443761557
3604.656508817759 668.5787410215751
2996.505613510829 671.1084841748741
2361.927688138928 673.721234224809
1376.8249501436208 675.2600300235326
2968.395878124554 676.0574702912086
6502.869138976054 678.3154555011976
1675.6032900677365 680.7217892968023
1437.8766359739366 682.8979935615806
1703.4718220471843 684.75002689035
6658.685971154323 687.4598042603945
5452.841416929117 688.725803156599
2263.731185185694 691.9706063421925
5846.656588178676 693.8802635425105
3600.3023248416994 694.6814298559343
6589.069546863082 697.8438527508165
6195.443334324296 698.6280656079998
4783.328192742245 700.5101924845992
3901.3203166643134 702.07053099253
6554.1481338439635 705.2703305788098
934.1298301615789 707.2538858972409
2597.547215527835 708.18778329834
6607.145623268825 710.3974006938035
2960.450059677815 712.5460160503583
4717.875031370248 714.6177155499803
2906.5646123695637 716.7964304416124
2284.239911998834 718.2496651053659
5400.301334274209 721.7417110450735
2834.2089852952195 723.0830457286493
3214.761503133795 725.0414282434126
6585.683668866762 726.329525362108
3346.875972506189 729.2953537263875
5810.071030803365 731.7029575759241
5332.909357607599 733.7220932535824
2034.2318891410268 735.2510546936511
5163.027689469534 736.96753441113
2184.195693178638 738.0167361030143
2754.506201842627 741.3741445141777
4640.5008288874005 743.5963701068821
3924.70750595129 745.9150314842112
4861.6724222002385 747.9314787209894
2887.1047166647595 749.0760555248058
6001.356284719342 750.2696437149893
4594.786173209021 752.0902908083692
5030.283532865267 754.5599937949042
2918.566104108573 756.6623543413966
1378.2127963439038 758.8261139044793
5513.342412863935 761.6940544529987
6047.9629610869 762.3930753674339
3473.4933545922463 764.190931599204
6221.594872122827 767.8210572948808
6719.840893020177 768.9603089260058
1428.295503138504 770.3410321166738
6434.244766667448 773.7434992679496
2444.214907694224 774.020439716631
3127.6485864391284 776.70471073176
6162.447630723116 779.8147850010072
3556.316822870939 781.1585186564879
1614.6057059507416 782.1107932805152
1227.2011149681543 785.2560742253033
2406.753422857453 787.290768687079
2194.129813407248 789.1698346962467
3372.18911128254 790.2766363824408
6424.600770894481 792.5923257840582
1141.1499043171648 794.432855524708
1682.5470434540857 797.1611173307048
892.6166644956515 798.744492981285
4365.427877341863 800.5663277348639
3938.357083135646 802.1886637875481
3347.7721429443873 805.6562094929918
4258.807066804446 806.0785803427443
5371.17224381522 808.1988941289351
1543.382681034597 810.4416566665835
3468.8183900893305 813.4926739875258
920.6906503041959 815.1140098116591
3409.253771779294 817.581697379307
3846.0687453898954 818.260145796432
2995.282323333573 820.821285571071
5501.382055049574 822.9400395533098
5553.039749551013 825.7498041927236
3589.7893962004055 827.39984271717
4984.525676947309 829.2299209596733
3542.1385022896643 831.0349529707304
1556.6939783169705 832.9929174226502
3237.6156202926045 834.627072425276
6083.009110073312 837.3566155547157
5553.0479467319865 838.1715293898972
4666.811188835263 841.518730403368
5662.409718365203 842.6910707463227
6322.282142565131 845.1952025505227
4894.446475333372 847.0037948215916
3898.3019805653735 848.3301593171154
3304.308322013045 850.6984839799741
5240.527549216528 853.0091226429473
3578.4928317865706 855.4199483467893
5129.236379093609 856.4459701235462
1469.2660211493721 858.7123181608831
5937.2568502641125 860.6986181753045
5829.5209967791425 863.2060519666003
2509.6140991340435 865.850810199635
1758.8322439636258 866.6090912324851
1360.3948934459581 868.9386372032104
6713.125617793638 871.8696847255462
4102.689049134302 872.7766192890343
4530.994864559118 875.3031275071398
5568.69710887612 876.7004694588383
6609.597013722078 879.1634037725904
5847.899030371623 881.5567917011797
5736.714669242172 883.3514229554846
4075.674328050872 884.3221389639954
3987.5765252589745 887.353959204511
6536.294433379308 888.781078119777
3256.014140624829 891.464314667991
5886.377901467195 893.234093239151
4771.096379618491 894.6051766768884
2424.8128753109268 897.5806278214852
3191.326010383574 898.4029617599524
3977.317225493457 900.0983962318849
6410.540509311902 902.2197753583599
3068.283479038618 904.4207183639743
5078.968730861056 907.1957529759467
3324.025719507518 909.0712129889057
4727.8740538309685 910.8523048089671
5215.498419805923 912.6265995580843
2315.5275374877137 914.4994159794587
3770.8661734455777 916.5964538743485
3596.2555753362067 918.1826817264333
4928.589422468976 921.4604924937398
3829.539175939592 922.8291817555402
6329.409063301343 924.5189914195105
2397.4565858193937 927.796068534523
3500.409976283915 928.2483893162693
5422.779498746295 931.3533626486305
3999.5561800214373 932.6451679535476
4090.564125147077 934.784169997585
1049.6118873171613 937.2470045807036
3816.567835250844 938.1859904410948
3047.5360365140964 941.6770876934597
6462.07373611868 943.8097847049485
1430.3645913524342 945.4287094785211
1997.8344424637373 946.0501194038867
999.735539914875 949.4408212569978
6344.302230911505 950.4650804670174
5947.205373729224 952.9971616399813
5098.760052572348 954.7696094654485
3701.360410127121 957.9998996493614
1086.0497390159182 958.2287629233952
6291.076520720626 960.0712524659953
2184.714439586606 963.560158722049
3230.212766832005 965.3073790967444
6593.747913638074 966.9710490435139
2901.2067028641686 969.9024599423193
5923.326563559072 971.1243471235807
4516.957871268798 972.431207541611
6740.773183303455 974.2454416157892
3148.4308403337004 976.7438937776038
3457.720286239165 978.6387052606527
3736.0545866863345 980.2152043335286
1825.4181382759978 983.0688185403975
4912.509414467511 985.0346980678479
3684.3827155328336 986.3859450090687
4919.70046097674 989.8749694831064
5646.672166534271 991.9093658611264
4962.834978987887 993.0545468482435
6563.363859737665 994.7235234901111
3478.016984406367 997.4479630981571
5715.063066415132 998.3906360854847
1452.1185923677751 1000.7982483018045
6341.114730381222 1002.9123579724513
1113.4391519118112 1004.3271305641944
6232.884575322382 1007.0530744632725
2102.7542610094897 1009.0367650209537
5766.536822794268 1010.764458028575
2431.4620332827117 1012.5115573632073
4110.161159469249 1015.4009162172342
1948.4876762278707 1017.2881792111862
2491.257965290615 1019.2044363303017
2320.0116946875005 1020.8993808160487
5467.354293332443 1023.9044035911282
3921.749935978924 1025.5579149231069
2109.9086268597757 1026.1293878169374
5849.3784267847 1029.8989216293533
4132.78933337554 1030.8329350414979
5221.403114062444 1033.6995484813594
2096.1622260114864 1035.374936276032
2669.482591271499 1036.7514013479574
5698.964848978332 1039.996696028956
4721.937487730171 1041.8071332575385
2893.0476491643267 1042.6256763031568
1273.1073255752417 1044.3657688630578
2989.3559610127245 1047.191405624897
2634.441209429471 1048.017086982634
2693.0618142220737 1051.2010038551714
5637.559930191388 1053.2674063378875
6936.808752385733 1054.5364680272687
6739.466111628149 1057.6600968864927
2607.6949645327795 1059.6605656729712
5843.128926437404 1060.0908860076204
2336.5116595513596 1062.61949983541
4087.0716941325695 1064.4116197559376
5497.332813117284 1066.6921706681144
3714.94401598343 1069.3350864132399
6269.771796189107 1071.8459313500152
3172.293186465913 1073.1305295433074
5907.829516325699 1075.8302558753337
5152.579512130985 1076.4852862290868
5378.453940080506 1079.3038827484233
3289.3884617569033 1081.085277806638
3580.215984883413 1083.2398073031777
1370.526698277803 1085.5765864400569
1917.3678505622308 1086.211978594417
5511.623471055211 1089.4514130208634
4471.149444011706 1090.6662682693775
2085.3227620321163 1093.3464873791845
6425.4645398913335 1094.456592586051
4716.700584402795 1097.88347224862
6781.605846678984 1098.1918931237922
4535.91414483749 1101.1451301471766
5289.480974965958 1103.8244490222435
6496.286657012903 1104.3108449021054
4821.756194214666 1107.9704845093956
3692.7049043896404 1108.0286988844427
6387.082050246671 1111.0857738878603
5304.282165075773 1113.3431065524967
5010.615678021473 1114.3332561217683
4438.82376356889 1116.9260096434389
6055.386338869067 1118.863880154243
4202.199896518143 1121.3208313812047
5783.993281286479 1123.0583939322041
1768.7298719305488 1124.8197448202352
2007.5722194130003 1127.067113033731
2311.88353224984 1128.0386472663158
6566.550398186086 1131.1063258859356
2948.0013136646885 1132.5881037233876
2221.1621503236274 1134.1992417961646
4657.033409168371 1137.6909953385118
1252.7879995833598 1138.558558982972
4191.183013091153 1140.023272160458
5539.518519651392 1143.400627887215
1441.8456436539177 1144.7845583391868
2620.0327970707326 1146.9575327916102
6330.029113082674 1149.343400323798
4364.6530971350385 1151.8038906293937
2425.8797460694313 1152.6508811813367
3675.789355734168 1154.36145052817
2627.256408334823 1156.4798190206711
1995.760028203265 1158.2620622382701
4382.110555234309 1160.353478347358
7024.282753578557 1163.7052236081618
6223.991346387556 1164.7245749244794
3434.1951581004478 1166.0401090488865
4669.445984928487 1169.0405741502548
3167.5914688615653 1170.5872864729845
3900.1105715102367 1172.9656650223976
3386.3066590302997 1174.1944314742514
4486.421198319866 1177.9020979190643
4742.396815578613 1179.2372339421104
1354.0747495745686 1180.488455831161
3568.173478135834 1183.2969432949458
5309.132605159942 1185.1303229887708
3972.8335774781794 1186.2322947368084
5886.066518463896 1189.2242415234573
6724.415076698539 1190.313275137264
6892.509056220909 1193.807101348312
2670.418902167663 1194.7610190820114
2078.1983470480063 1197.386757113603
3862.4792711902837 1199.4737253361052
5542.047472974143 1200.9335408344016
5148.483019797457 1202.0985453594292
6049.906613013557 1205.0606097310554
1656.7102025193608 1206.9074084248816
4985.444251270449 1208.0045045160266
4660.634692317271 1211.163513440594
3259.7613765304495 1213.7819624606552
1424.354389788176 1215.0719095859074
4299.113601187819 1216.8267550781452
1760.5630007785717 1218.4259268148232
6318.2280518282805 1221.6697517644702
4467.94057863397 1223.781148075909
4071.827065659301 1224.5987551322328
4982.677288855981 1226.6615223654526
2120.118196742158 1228.0604917137043
4927.054895798918 1231.4083149913868
3051.4056654841493 1232.6093683490094
6402.164746130886 1234.0228053968003
4822.33058661112 1236.86384903544
2993.2238593937896 1238.2761513933517
5986.326036367025 1241.562673303399
3245.5973237517883 1243.9952873462569
4544.32005720847 1244.8629831734597
2631.80026403387 1246.6739144814012
2337.945903906574 1248.5814669417873
1983.067898412896 1250.4416629974662
2531.275248074221 1253.406123180911
3759.1085870049064 1255.6560051986885
4154.448325592857 1257.1839421304705
1830.0377546964337 1259.3554743415411
7173.125894765575 1260.783885517495
6892.972951141773 1262.4454240484622
1947.114702632809 1265.54487637548
6335.055151701398 1266.3032284837693
1810.4534568943754 1268.268343553709
5533.580534697921 1270.3543619992113
1425.4278916771332 1272.2866425592026
5430.840182543834 1275.2156409826287
2541.040470176178 1277.181368275022
3922.7167682973745 1278.4898270782148
4162.46247928913 1280.4779308380175
2214.8387186711807 1283.1334524582126
5998.159608791908 1285.1058251592508
5289.416084971954 1287.1298129336992
4085.635983292595 1289.7117658368568
2880.7613497003167 1291.4722475819528
1657.1907885943983 1293.253770126552
5370.5811161318925 1295.1336026662245
3118.1478212753163 1297.6227510283056
6587.23067596323 1298.105021024421
2054.85670420383 1300.2019785413918
4699.096821055286 1302.59612821757
4657.869148772277 1305.365509628055
6169.050572956639 1306.59952659668
2831.043555738694 1308.9905897683152
3183.7771597500423 1311.4481637647013
6280.119638398329 1312.278227995886
2735.505529188028 1314.0773774103147
4768.814497554236 1317.749059344171
1376.249318434601 1319.0726362935668
2701.575527419205 1320.966389725105
4242.205311814339 1322.2465339077394
1747.9663746042525 1325.6685564096115
2627.301173061267 1326.4724335413953
1832.5969700065534 1328.022360385482
5868.119308683481 1331.7844869506964
2827.0718189135573 1332.7634358091848
3097.437679165395 1335.0755382994403
2672.5845846355046 1337.602754569407
3562.459391746345 1338.9538399507226
2373.3960604446256 1340.5126169747846
4166.266308483302 1343.9251755827804
4025.785604768154 1345.1468379939415
1850.7782484417617 1347.9203679167074
3260.533557657927 1349.8084591387103
2224.274369955275 1351.0992295913193
2959.1047981972706 1352.642147900047
7061.847691247483 1354.2045574055317
7100.530457696887 1357.261791780504
3747.3974117474636 1359.068023755827
3889.932231283414 1360.8558840090266
6772.141316365332 1362.7258169288862
4481.247185559008 1365.7847374894477
3889.1454434900256 1367.650426448814
5284.587559299958 1369.4092434924435
4533.144054352626 1370.8659105503375
2571.176055221882 1373.717494369119
3873.291445796226 1375.5484711732913
2784.708025294055 1377.1290234500154
1745.3829535718637 1379.7043255971225
5070.276469277349 1380.239213759372
6653.549779059271 1383.4297160232043
6851.528030844533 1384.5256532483672
5995.704060423442 1386.176599209814
3781.3406217940365 1389.5468440373097
4268.814087635047 1391.5046882052702
3557.277925442333 1392.1958711329855
1903.3648112082708 1394.1388898778764
6470.548003040131 1397.9840042601443
3213.40651831392 1398.3400772291754
3967.8493743260524 1401.4887745421906
2835.3977194913255 1402.0106349262408
5739.71559126337 1404.1315141547525
7165.05596995555 1406.1039732341808
6385.477847644311 1408.3508190397154
7289.04978722329 1410.6690540361265
6677.316727591787 1412.659967379713
4388.983998772831 1415.3155774342017
1778.583142444552 1417.1594900703997
1790.9687412859887 1419.9410291624404
5961.486280201389 1421.1507970150333
4938.823010065612 1422.1159170567055
6754.38027274806 1425.1315367642494
6999.193232689564 1427.6218637985157
5173.338840708178 1428.3929797994629
4672.990990643251 1430.2714227096262
4611.801420542777 1432.80256701756
7300.422516223338 1435.7262977121766
3336.0781120369716 1437.7309138691053
6444.9360862904405 1439.5379252501775
1561.376539998117 1441.3303392398677
4377.659299049215 1442.8505128497634
7008.493244559797 1445.2086006105305
5488.511649214143 1446.4168372497072
5216.399497393737 1448.7405736908206
5240.5515526545005 1451.4937834135253
3834.753926140724 1452.8558389017533
2802.477218790121 1455.5217269358977
6129.747492688968 1456.8233326968693
1839.5782654746545 1458.8671721929643
3164.694330761223 1461.6591071204032
2574.9282439302633 1463.1434288977243
1712.192495590211 1465.6523491037851
6578.321676919541 1466.7203878232042
2547.4878310246354 1468.9789568436847
2324.550584056449 1470.8730635712964
2222.295781761484 1472.4070402449393
3893.295984640563 1475.980552535088
2883.6895243160816 1477.7321013478238
6290.218507896502 1479.2374211842607
4315.326576241609 1481.5929985541811
6490.673708533955 1482.640561869405
5450.9522567152235 1485.610361539576
2553.7098526919563 1487.2717109190908
3566.206711943891 1489.7644671742214
6516.029189968335 1490.1538830438535
2321.4067503922815 1493.9343082202736
6134.080257392189 1494.420409629205
5025.067222362778 1496.1696547718605
6203.164455370122 1499.6825432126873
1906.706038857676 1500.6411802851646
5466.467602367542 1502.4504649243265
5584.693269256881 1504.7818167338348
6493.81269220811 1507.0471127510903
6284.4508262375475 1509.0796325654196
3929.3899029839254 1511.87532851833
5848.444352428216 1513.9314755948562
5472.303081364827 1515.2433658795833
2351.312964527836 1517.4152159514806
2081.2087761628336 1518.2511998301304
2275.0309516440525 1520.1874922815048
6857.704264920277 1523.1850639325492
3890.614072012299 1525.6343331903984
5392.742414058026 1527.0458114044689
4875.611804369245 1529.6352815682685
6601.919854720676 1531.725915707701
3117.9162929735894 1533.7166506509875
3252.3136123119384 1535.2655365415999
1858.448531844908 1536.5029989861603
2559.0243831037883 1538.2959722118294
3636.63854932408 1540.0582206816216
4332.892777933023 1542.982834267888
5110.8859865132345 1544.8022507800306
5255.651216722665 1547.730961050133
2745.184415447806 1549.57745595006
2855.692831933705 1551.7236159327288
5262.1102349901375 1553.0838915668614
4738.3525109093935 1554.091367913665
4007.8049007291265 1557.0071980513492
2336.210827251036 1559.6109817693618
2586.477499294743 1560.4638402414644
7307.65578513851 1562.9647695504343
3462.828356073439 1564.5890778201785
4202.020304020534 1566.7939650991168
1732.6827679743164 1569.1319785123064
6643.2152362719 1571.7010647744273
6639.32509651424 1573.5532316006893
5611.086884033573 1574.7874778421265
3840.539288174417 1577.1374790426084
2173.506772520584 1579.371177265406
5969.371877066307 1580.098283695996
3117.3522290340197 1583.7777680008433
3091.2702538140293 1584.1662813970088
4207.606140690079 1586.8128634194993
5451.126273737531 1588.7368782792894
3046.1768775905875 1591.31671975204
6674.797330271277 1593.5705711076484
1975.116629998123 1594.4359870395485
6762.584241773958 1596.0835262935511
6384.621755344414 1598.3601301708095
3293.77177012632 1601.343571492767
2104.8846098892327 1603.2140759354234
1822.1503394208503 1605.9438118916134
3767.811311458344 1607.4821706296468
5645.662482824082 1609.722150257831
2586.863506503796 1611.3149876434936
6772.028522028681 1613.6599912218844
7284.382510635985 1615.7850908328228
7539.2953700431 1616.9846019848405
1786.7007387922595 1619.6855543551258
3977.2339918914563 1621.253480480767
7573.950750639624 1623.4285292559132
3212.9816415130394 1624.844626588901
5770.969136100721 1626.9452874120086
7364.347070081411 1629.4232792370392
7092.5664661658075 1630.8906442568712
3598.843869740058 1632.0051608480537
6469.527061197837 1634.949327157083
5232.242814041805 1636.9456368275444
7362.615517883706 1638.645237952046
2907.183538464009 1640.09667384714
3355.4814863304814 1642.6315353508699
2486.9992556918587 1645.2088866335664
6152.502520160559 1647.5497309517846
3941.6666417391693 1648.4335183386786
2932.305136177453 1651.6893270194594
1657.2515591289705 1652.3409664960361
4746.6356921631605 1655.6684319637186
3818.5961149778186 1657.4620126530897
7296.433773288862 1659.7803427248828
6955.586312519758 1661.9649256083117
4616.373929472335 1662.0849378207115
2298.247627451156 1665.3079031550026
7100.829598001703 1666.2916226812038
4261.878675990547 1669.7219445862142
4004.983876568587 1670.583074800812
2295.092940167225 1672.3343179433307
5645.667078302549 1675.7743387882729
3688.8510200110622 1676.5095958687955
7599.801866050246 1679.964567131988
4735.256937678065 1680.1428528352226
7475.436736243571 1683.3533542070286
6281.845996130271 1684.7896378685305
2740.871411166279 1687.7416555155362
5490.355143138033 1688.0773501675371
6419.34850703119 1690.9447760399125
1719.3982671327208 1693.2968122141153
7573.117371190093 1695.352010200253
6858.200310806164 1696.7070510080412
2188.4360309738236 1698.2301488524663
2148.372237160964 1700.8360483200072
5809.886950070407 1702.774176455963
2117.6919533858804 1704.8546179329162
3137.347548173003 1707.9143704309388
2246.701754130623 1709.4421026687394
6570.655487141683 1711.6599287789452
2329.8945916060184 1713.774936000184
3208.018757238302 1714.557351162801
3451.502224193283 1717.203086230338
2861.2472128765394 1719.6990919966113
2328.716659385795 1720.8497234972324
7445.1232196551655 1722.7175970108121
1903.970884338682 1724.5199945802378
4353.004030432181 1726.477330221428
2106.427953537592 1729.4310629036256
2619.152425497515 1730.8338329182184
2522.687171109099 1732.1760787411984
3853.2087873653195 1734.7178109302843
4852.1516373672475 1737.3982459630486
2883.292827657197 1739.6013131877285
2480.918666771624 1741.5778565342175
7565.823041939763 1742.7448796522012
7391.799693120574 1745.415495942483
2153.258965023712 1746.8732090653027
3777.3189804962767 1749.9972274370307
7412.702360911015 1751.7404178310926
4213.537592764706 1753.487713941101
4651.580771538201 1754.1383021767456
3681.580265397288 1757.7037542622738
7354.86253114068 1759.1724394630266
6115.389594872752 1761.2064801487254
2292.0349186398976 1763.6006213982039
3555.4200153558595 1764.548098284465
4084.3985011833656 1766.8775565734393
2600.98944439959 1768.9438559785374
2818.952197693899 1771.2206256312666
1956.4400967608503 1773.9242490777556
5657.033909601054 1774.0997100329123
4375.434209705416 1776.904183770001
2271.9575965645454 1778.0913637981955
5181.074948999152 1780.3142074345699
2702.1381417333514 1782.1822762090833
1847.3309836847984 1785.8888330757684
7264.862386190546 1787.8185277726493
4399.589482663696 1788.444246160416
4795.931627794835 1790.3324511733374
3418.8030647906994 1792.9314096291798
3282.1986383434087 1794.2714295140554
7335.121068110907 1797.8772627725232
3492.4799245089953 1799.3265034385465
4533.61597767364 1801.396345738254
6596.094602430265 1802.447877637879
2730.1893717579414 1804.5258091299752
5343.343769879558 1806.4955353641442
4964.889093269283 1808.873761954063
4226.523408372003 1811.0609921477128
1932.4552766389181 1812.4758035729476
4920.848511745566 1814.7751958006706
5707.187583694389 1817.1165385738168
2074.8453466344963 1819.9286080657848
6883.200109746895 1821.3480604179776
3241.2145634192434 1823.603434996892
7822.58760228715 1824.2003915497885
2218.734658447526 1827.0888541154623
3344.7208159126676 1828.1007310808347
4865.564386848427 1830.7850204482081
3132.163114755035 1832.0073670482366
4479.259196457122 1835.517894315419
4057.7941555997877 1836.8516953749852
3199.8329245919585 1838.7957164870913
2971.8859081489945 1840.5751615421987
3345.3878077103204 1843.1088371728326
6200.329420329444 1844.5116618562433
5743.15040567209 1847.8231331544105
3890.334011594493 1849.1705251928147
7447.685139778466 1850.453768802459
7345.045921111191 1853.9987053120997
3933.7061864775333 1855.4590734532514
5739.968206690565 1857.1333639789877
2577.8084155805677 1858.8497500974454
4324.627727866218 1861.581764206793
4253.251506670886 1863.5321903740105
3278.167825532416 1864.4846412681688
5770.591256059469 1866.4614879973963
7794.198481416553 1869.7980378548111
6415.945708252939 1871.5147420556627
6460.302058331903 1873.1717260788187
5637.035200543329 1875.533875327307
5453.87148697972 1876.2044129842975
3137.031052431727 1879.9156320572124
7081.675825711414 1880.4857696646811
7353.15430836593 1883.7041136313169
3317.2110413118708 1885.3893308487109
7172.908849291693 1887.1207959139429
7196.37308813833 1889.9629405079065
6606.959134106765 1891.3929860935489
2782.349427381637 1893.0049704016874
2584.969720380595 1894.7216485410304
3313.570275252314 1896.8294394524569
6025.3762628939085 1898.523276250177
6370.37350301482 1901.9458626323315
5087.771996081791 1902.090861717502
2247.9052918824345 1904.162922359811
5201.542926375501 1906.9464426708068
3998.344776505398 1909.3235505255166
6192.7824672793795 1910.5529536554466
3695.8151218901303 1912.4240725942402
2489.985518342336 1914.9319964831523
2696.474573698999 1916.2738295552876
6037.088582279946 1918.229759323985
3348.832640837867 1920.6544960813817
2286.1245936577693 1923.306750460525
2276.3734764635765 1925.2273039480124
4080.1750615436895 1926.3198282020394
2254.726507064132 1928.7039185806532
2961.8434492004717 1930.4967799192623
5370.549863640684 1933.1133549169876
3794.2017195220496 1934.6708666058214
4991.241915995013 1936.4752785626613
5235.701072790838 1938.9702881393355
5665.105757471869 1941.9653639143435
4996.653274569693 1943.3103596214137
7237.292367860192 1945.123280532307
3998.594514918337 1947.0728832560126
7891.813898085992 1948.7967664478983
7364.477710258888 1950.9765706458631
2270.3534513986315 1953.542344653236
3557.205609988506 1955.2505136137077
2683.4894841428186 1956.079875112025
4016.637688140846 1959.557716869379
6793.250615912063 1960.1331922263396
3598.3284785684536 1962.6799175894428
7151.080194865275 1965.823215871428
2357.4574123667257 1967.1752941771324
2420.2599689767126 1968.9380451094573
2159.066184528359 1971.1362333408263
2655.04920990247 1972.2309187416065
7861.891812099004 1974.8348195006358
3465.8128431879622 1977.4470560751618
6342.747497559914 1978.3716553340244
3746.5898482901393 1980.8109453723139
6025.004749548776 1983.576666858973
2863.122147398434 1985.957988280545
7133.991015683554 1986.9132307825373
2305.43411538202 1988.8809020517288
6847.202030257951 1990.2189714633143
4337.624328475433 1992.1107591011985
3202.379809735018 1994.311072182961
2165.827550145509 1997.169704277046
3887.4290066049925 1998.0351097840871
7441.699741902531 2000.0584064731775
